2484	1	1979.47	8162.04	20621	6860	28911	6882	4275777	1234	5685152	8215
2485	1	1831.02	7378.15	16512	10447	22482	10484	3091497	2274	4055921	13054
2486	1	1956.97	7975.6	5200	1877	7235	1883	1051786	268	1399254	2179
2487	1	1945.48	7988.78	14072	18151	19407	18206	2808089	6264	3731478	24731
2488	1	1896.71	7763.83	17404	13735	24036	13766	3397497	727	4493496	14503
2489	1	569.678	1913.46	25925	2276	28784	2285	1472618	107	1636516	2384
2490	2	4033.89	18157.2	3757	5220	9679	10454	1695701	328	3901647	11128
2491	2	3892.92	17621.8	13282	2639	33018	5298	5607088	1351	12852112	8094
2492	2	3826.62	17277.9	13972	3262	34866	6555	5837256	594	13347739	7746
2493	2	3966.63	17948.1	14288	1973	35529	3966	6150594	625	14100564	5327
2494	2	4042.05	18322.2	516	1169	1340	2344	233821	23	537405	2385
2495	1	903.83	3032.84	14718	12050	17334	12090	1349373	611	1563009	12700
2496	1	890.187	2977.06	15596	10423	18276	10449	1399309	754	1619247	11228
2497	1	805.266	2708.41	13129	32599	15178	32706	1048456	19182	1216317	52126
2498	1	857.029	2893.63	19248	7775	22271	7811	1631164	3757	1900523	11643
2502	1	1847.75	7176.65	4456	3760	5938	3775	814796	1873	1070778	5825
2503	1	1562.27	5935.91	4405	17178	5674	17221	685064	2284	873084	19728
2504	1	1367.06	5129.65	17729	13708	22097	13749	2391650	3573	2992412	17583
2505	1	1569.12	5923.9	5141	9201	6598	9229	818172	517	1034691	9740
2507	1	653.864	2143.33	10475	12001	11768	12036	678416	907	764991	12942
2508	1	631.643	2067.84	42304	30666	47254	30778	2632018	7256	2966860	38130
2509	1	1659.47	4712.89	14414	3197	18629	3208	2399014	890	3077005	4168
2510	1	1682.75	4790.34	4290	4003	5540	4014	724896	433	930166	4462
2511	2	4268.66	13586.2	6125	1421	14797	2844	2665839	1958	6257553	7014
2512	2	3823.04	12101.9	3424	604	8013	1217	1312918	1223	3035385	3807
2513	1	1871.68	5375.61	7108	2970	9355	2978	1299631	486	1712621	3502
2514	1	2057.4	5931.34	6175	1414	8312	1419	1275103	696	1704638	2342
2515	1	1570.66	4469.63	8005	2573	10143	2578	1224789	568	1567546	3204
2516	1	1822.16	5194.82	6635	2362	8619	2370	1199611	120	1561074	2484
2517	1	1096.19	3135.18	6034	938	7154	942	662023	204	788377	1153
2518	5	5528.35	18226.8	4301	2107	22555	10556	2448385	3923	12335094	30174
2519	5	6605.19	22132.6	3283	89	18002	458	2360548	286	11887310	1877
2520	5	6289.73	21110.4	1491	979	8079	4957	1007172	716	5070824	8478
2521	2	2860.65	8895.29	6250	2767	14385	5546	1853932	1195	4069697	7969
2522	2	2966.57	9154.23	7751	1158	17584	2327	2364690	598	5173434	3555
2523	2	2819.97	8599.96	2095	263	4712	528	607565	134	1322699	799
2524	3	5702.3	18419.8	2088	233	7306	695	1289980	449	4155096	2061
2525	3	5700.88	18403.9	2439	511	8326	1522	1467345	829	4728210	4036
2526	3	5811.86	18793.7	1014	64	3433	191	618483	259	1996075	1007
2527	3	13642.7	46393.6	1413	48	6710	145	2087726	387	9141862	1355
2528	3	13946.4	47640.2	1596	0	7567	0	2396103	0	10551398	0
2529	9	12843.2	43689.8	1177	369	11093	3353	1560125	522	14067520	8018
2530	2	2244.21	6964.09	1345	1670	2921	3307	307792	9189	652063	21736
2531	2	2439.2	7438.58	195	0	439	0	49940	0	106330	0
2532	2	3741.13	11689.3	2656	238	6101	476	1006854	5	2283376	486
2533	2	3710.42	11560.3	3872	528	8933	1059	1467205	486	3323322	2070
2534	2	3876.18	12096	3920	346	9035	694	1541308	10	3504924	712
2535	2	3615.83	11255.3	1899	704	4275	1412	684925	403	1550155	2225
2536	2	4156.53	13036.1	2420	332	5619	671	1008009	411	2336822	1505
2537	2	3730.15	11703.7	995	8038	2297	16119	368545	1363	847158	18834
2538	2	4195.66	13242.9	5492	1777	13188	3567	2385892	224	5525344	4011
2540	2	4196.23	13146.5	5814	5170	13777	10390	2371046	795	5590202	11949
2541	2	3623.07	11315.5	5589	3077	12740	6157	1997531	504	4572252	7247
2542	2	9660.49	32123.4	1085	2245	3586	4491	1087419	720	3461793	6068
2543	2	8429.71	27955	274	5994	857	12011	235517	139	714185	12265
2544	2	10006.4	33297.7	2657	117	9241	238	2856466	387	9241488	1067
2545	2	9864.66	32859.7	1449	178	4758	353	1454729	125	4678235	722
2547	5	7661.14	27847	2424	1808	13048	9090	1957218	661	9923395	12347
2548	5	6628.69	23980.8	3286	1257	16897	6307	2148999	1735	10866644	14962
2549	17	43277.9	165846	549	155	11550	2651	2911772	317	50153175	8040
2550	17	38841.7	149511	387	312	6722	5297	1524458	1469	26131385	30531
2551	17	14437.1	53207.2	325	74	6049	1239	506583	181	8617616	4328
2552	9	14446.7	53478.2	1702	495	17200	4494	2748949	97	24811639	5338
2553	3	4918	17633.7	936	50	2958	146	462155	18	1454162	215
2554	3	4473.81	16085.2	1646	345	5370	1039	751670	159	2359671	1531
2555	17	21922.4	81868.4	936	129	15918	2220	2005897	701	34125791	14102
2556	17	23146.9	86395.4	871	48	15311	887	2065104	1069	35131006	18982
2557	17	23396.2	88128.4	494	43	9241	742	1261746	112	21463524	2634
2558	5	8780.53	32236.3	2202	69	11613	339	2004595	519	10205384	3023
2559	5	8384.4	30891.5	1925	108	9841	557	1620616	65	8242967	865
2560	5	8521.42	31144.6	1012	57	5407	289	905374	239	4607410	1500
2561	5	7319.05	26721.7	2588	184	13458	936	1909756	647	9665800	4162
2562	5	6749.69	24601.2	2237	152	11476	771	1487675	114	7526578	1330
2563	5	7639.98	27829.7	1222	123	6391	618	953062	21	4825066	723
2564	1	211.121	1183.13	29999	14089	31558	14110	612812	378	665093	14469
2565	1	211.542	1170.05	39610	2842	41578	2848	806900	188	875632	3033
2566	1	450.512	2629.07	6731	3018	7354	3023	300172	61	329609	3080
2567	1	96.4149	501.954	16814	12331	17197	12369	146292	305	165701	12637
2568	1	94.9058	489.257	23042	12173	23560	12207	196744	320	223369	12498
2570	1	203.069	1134.99	25151	10620	26392	10651	490399	475	534428	11101
2571	1	230.687	1297.98	28276	13084	29919	13123	634293	497	688524	13586
2575	1	219.307	1268.29	9866	1697	10401	1703	722414	445	758905	2150
2576	1	213.938	1236.62	8345	2014	8799	2020	597193	357	627310	2375
2577	1	525.27	3152.46	8130	1782	9024	1785	1447969	327	1579181	2117
2578	1	502.082	2994.52	6205	3891	6908	3899	1056985	574	1149877	4480
2579	1	482.066	2858.23	6103	4059	6712	4068	992782	491	1078395	4560
2580	1	524.378	3110.48	4257	589	4776	589	761998	66	830219	658
2581	1	91.6109	502.408	8727	2155	8911	2162	259141	229	272020	2386
2582	1	91.543	502.29	9575	563	9793	564	283988	33	298053	597
2583	1	224.552	1295.41	2169	1257	2291	1258	162736	109	170792	1367
2584	1	241.942	1406.54	7278	3020	7737	3028	592914	346	623483	3369
2585	1	213.079	1226.89	8998	1292	9465	1294	640946	260	672206	1555
2586	1	208.492	1199.25	8668	1549	9135	1552	605323	119	634697	1670
2587	1	211.441	1207.81	9444	749	9932	749	667483	222	699929	975
2588	1	209.623	1200.66	7011	3315	7403	3326	492583	307	516261	3628
2589	1	208.972	1195.61	9283	1052	9766	1056	647529	140	679320	1195
2590	1	482.176	2845.62	7731	2290	8541	2299	1263192	184	1368825	2475
2591	1	485.675	2871.62	8419	1392	9322	1395	1388244	120	1504094	1515
2592	1	469.556	2768.8	8578	1353	9467	1358	1368658	226	1480322	1586
2593	1	451.367	2636.5	8181	1836	8984	1840	1250663	454	1348747	2304
2594	1	429.188	2522.21	2852	2902	3092	2908	409389	1911	440890	4829
2595	1	451.279	2655.96	8316	1609	9130	1612	1271600	332	1371518	1953
2596	1	90.1614	497.687	9212	1761	9415	1765	269534	219	283014	1981
2597	1	90.5183	501.098	9836	754	10064	755	288765	59	303266	813
2598	1	90.3456	500.739	9703	914	9897	917	283647	94	297830	1008
2599	1	181.349	1032.27	8662	1778	9030	1784	520826	223	544832	2004
2600	1	176.201	996.074	6774	3759	7048	3773	394730	1454	413293	5224
2601	1	183.588	1039.65	9407	949	9848	953	575673	131	602564	1081
2602	1	182.823	1036.54	7926	2363	8283	2369	482032	299	504459	2667
2603	1	89.7792	489.315	9782	792	10004	797	285369	113	299612	905
2604	1	476.65	2769.43	8179	1642	9020	1644	1321536	294	1431168	1948
2605	1	476.466	2786.17	9334	865	10277	871	1505662	190	1630072	1065
2606	1	485.629	2841.53	8564	1265	9448	1268	1410012	362	1527231	1644
2607	1	488.356	2849.2	9361	373	10326	373	1550725	209	1679640	599
2608	1	207.085	1167.1	9193	1200	9654	1201	634435	83	665172	1284
2609	1	205.795	1152.9	9412	1749	9913	1751	646747	225	678067	1977
2610	1	205.258	1155.28	8476	1638	8931	1641	582226	129	610422	1767
2611	1	208.577	1164.03	7778	2723	8204	2732	542931	251	569380	2977
2612	1	198.842	1113.51	8344	2055	8747	2065	552832	268	579412	2326
2613	1	198.431	1121	8654	1715	9091	1717	573419	185	601045	1903
2614	1	196.714	1105.18	8567	1814	8988	1818	560528	306	587226	2122
2616	1	458.325	2736.7	7846	2188	8592	2191	1209846	587	1306545	2796
2617	1	477.182	2771.87	5663	907	6261	910	918351	138	993252	1047
2618	1	472.376	2745.25	7617	2453	8354	2465	1217133	523	1316493	2998
2619	1	468.945	2719.47	6539	3647	7159	3656	1034069	396	1118008	4048
2620	1	453.564	2634.68	6647	3506	7290	3511	1019860	332	1100848	3841
2621	1	379.805	2183.37	6748	3793	7329	3808	863537	617	924731	4426
2622	1	373.84	2160.18	5299	4726	5721	4738	663823	3241	710345	8003
2623	1	428.456	2482.03	3394	1102	3668	1103	485307	101	522000	1204
2624	1	90.8692	494.171	9356	1689	9555	1691	275486	136	289246	1827
2625	1	85.4288	462.932	7692	2931	7846	2943	211891	297	222878	3229
2626	1	199.278	1134.09	6285	4437	6565	4452	415430	322	435287	4762
2627	1	198.921	1117.38	7563	2975	7937	2987	502041	375	526206	3353
2628	1	200.236	1132.22	8195	2120	8590	2127	546054	236	572617	2356
2629	1	195.086	1092.5	7705	1935	8110	1941	501424	221	525653	2160
2630	1	208.64	1172.58	4174	3737	4371	3748	289950	257	303964	3995
2631	1	207.848	1166.06	9770	494	10314	497	681037	49	713787	543
2632	1	201.123	1127.7	8456	1978	8862	1987	566158	236	593562	2216
2633	1	206.65	1170.02	7123	1677	7508	1679	491430	189	515172	1867
2634	1	550.266	2877.29	7643	2385	8462	2389	1412021	720	1545352	3147
2635	1	582.246	3096.74	1179	461	1320	463	233817	33	256341	495
2649	1	526.352	2731.76	6947	3071	7641	3076	1221627	543	1335116	3634
2650	1	281.493	1466.13	4717	427	4964	430	439759	117	464558	548
2651	1	1397.4	7519.1	8240	868	10185	870	3862469	398	4731379	1325
2652	1	1391.26	7552.51	7249	1724	9098	1730	3437714	1062	4205187	2902
2653	1	509.959	2679.64	8700	1648	9538	1650	1490274	597	1620441	2275
2654	1	504.285	2691.52	9254	919	10203	922	1573174	415	1709692	1363
2655	1	518.294	2708.02	9317	436	10259	440	1627063	361	1770770	812
2656	1	510.741	2694.02	9280	636	10188	636	1593673	32	1732822	668
2657	1	273.658	1458.93	10113	1353	10623	1360	917572	253	968247	1612
2658	1	1358.68	7398.57	7783	1375	9696	1381	3588262	500	4379967	1940
2659	1	1347.41	7355.55	7888	1297	9752	1307	3589233	865	4370592	2234
2660	1	1378.65	7486.08	1088	97	1369	98	512718	7	627660	104
2661	1	507.256	2681.71	9157	924	10089	928	1566153	222	1702150	1163
2662	1	506.047	2683.29	8495	1266	9324	1267	1444327	501	1570017	1795
2663	1	617.267	3273.93	7367	3007	8247	3023	1529779	468	1691857	3504
2664	1	611.479	3288.56	8024	1958	8950	1962	1647926	314	1819053	2274
2665	1	580.514	3132.13	5164	5202	5761	5220	1007630	1218	1110370	6452
2666	1	619.025	3364.85	8906	850	10029	853	1873506	124	2068776	986
2667	1	620.967	3393.34	2940	689	3302	690	617711	97	681539	787
2668	1	606.042	3229.58	12923	3145	14521	3156	2649399	918	2925217	4101
2669	1	638.868	3412.92	9236	364	10357	364	1991096	49	2203501	415
2670	1	625.538	3365.12	8282	1099	9339	1103	1760399	344	1944245	1464
2671	1	272.061	1467.66	9462	1047	9927	1049	852361	304	899689	1356
2672	1	1694.53	9407.1	7696	624	10089	626	4467830	699	5690838	1425
2673	1	1677.42	9280.58	7346	1124	9451	1128	4149278	411	5279529	1613
2674	1	702.778	3776.09	2090	509	2384	511	494807	296	555828	809
2675	1	687.927	3709.12	13337	2807	15157	2814	3104891	431	3471672	3251
2676	1	276.396	1495.46	8329	1789	8776	1791	764343	172	806822	1964
2677	1	1634.14	9032.91	6802	1795	8724	1801	3736064	705	4737838	2561
2678	1	1498.25	8254.88	6190	2631	7808	2647	3101229	988	3883965	3724
2679	1	541.612	2895.19	6744	4120	7418	4133	1212895	978	1332130	5129
2680	1	612.009	3289.51	7042	3114	7832	3126	1441370	747	1591595	3880
2681	1	273.47	1474.99	9635	573	10110	573	872049	264	920116	842
2682	1	1709.72	9446.17	5903	2996	7688	3004	3430604	429	4380163	3454
2683	1	1660.43	9148.21	7571	1241	9824	1244	4270837	992	5427257	2347
2684	1	1632.15	9015.03	5793	2762	7489	2771	3209236	937	4069761	3850
2685	1	1683.35	9295.6	5367	3727	6954	3739	3060751	1153	3897164	4995
2686	1	1665.29	9209.11	6503	3046	8448	3052	3684810	769	4685705	3879
2687	1	275.273	1472.27	8052	1867	8478	1876	736851	295	777931	2163
2688	1	278.79	1485.03	9465	670	9972	674	875552	114	924099	785
2689	1	805.077	4956.93	8388	1231	9478	1234	2243198	292	2538725	1547
2690	1	2069.55	12810.7	5022	4043	6785	4057	3478529	996	4688433	5151
2691	1	2225.75	13606.7	4780	2553	6511	2562	3547663	452	4839616	3120
2692	2	2144.86	13233.3	3850	1252	8285	2516	2803806	670	5899140	3859
2693	2	2236.59	13862.4	2481	1227	5283	2493	1866224	416	3935556	3305
2694	2	2210.11	13562.7	4071	988	8768	1978	3057889	226	6443645	2429
2695	2	2153.65	13376.4	4196	1796	9051	3607	3074962	458	6469810	4531
2700	9	6732.82	42615.5	908	245	8588	2230	2131472	682	19192500	8372
2701	9	6194.86	39708.1	581	263	5416	2300	1224895	332	11029666	5383
2702	5	6174.64	38268.9	1567	534	7901	2678	3204519	1131	16118515	8350
2703	5	6275.94	39184.8	860	203	4612	1015	1919948	817	9650022	5095
2704	3	6163.75	38206.4	994	663	3359	1989	2096659	1338	6839722	6240
2705	3	6220.05	38674	1861	1194	6399	3604	4003197	1279	13097903	7453
2706	3	6441.93	41114.1	3039	224	10314	682	6747852	423	22076339	2091
2707	3	6795.33	41894.7	2272	855	8057	2577	5443039	599	18062309	4420
2708	3	6225.29	39448.3	1038	527	3392	1580	2129274	41	6968605	1705
2710	1	804.958	5123.04	1784	175	2028	175	480481	51	543981	227
2712	2	4635.97	34673	1363	988	3315	1983	2108397	393	5027237	2789
2713	2	4730.81	35114.6	333	1160	817	2356	535364	693	1280910	3760
2714	2	4983.79	35780.5	3704	896	9079	1815	6192795	1801	14949424	5917
2715	2	5141.32	36874.2	4058	272	10033	543	7043088	444	17095585	1471
2716	2	5323.89	38900.3	4572	1460	11656	2919	8304879	466	20431706	3932
2718	2	3831.39	28051.5	4101	863	9214	1739	5183870	546	11765892	2836
2720	9	16473.1	119041	824	374	7801	3450	4677614	1169	42274686	13966
2721	9	17363.8	122435	226	825	1988	7484	1255761	436	11360488	11381
2722	9	16618.2	120077	752	348	7658	3293	4638663	1019	41922888	12421
2723	9	15996.5	113998	861	313	8150	2972	4723295	1352	42691870	15091
2724	9	15703.6	112729	957	204	9370	1882	5410013	222	48833282	3882
2725	1	1736.4	12766.7	8937	2454	11513	2462	5179892	1852	6643788	4576
2726	1	256.716	1479.72	7538	2719	8054	2723	650852	268	686534	2991
2727	1	263.156	1522.06	8850	1117	9481	1118	785253	145	828080	1263
2729	1	263.425	1522.35	9206	1020	9834	1024	817015	141	861459	1162
2730	1	256.544	1477.46	7321	2743	7814	2753	630947	297	664948	3047
2731	1	103.459	571.279	6237	4066	6417	4075	210900	364	220963	4431
2732	1	571.623	3470.4	5512	2370	6236	2375	1079658	299	1184287	2672
2734	1	744.859	4746.35	636	121	716	121	157879	10	177184	131
2735	1	758.522	4896.39	7052	1913	8196	1918	1833868	271	2064540	2188
2736	1	746.135	4834.2	5353	4777	6213	4789	1344739	710	1524777	5511
2737	1	307.523	1865.27	7974	2139	8585	2147	821272	479	875030	2620
2738	1	348.903	2129.02	9305	1675	10088	1679	1094595	244	1167090	1922
2739	1	338.163	2062.86	7716	2195	8372	2198	881569	304	939421	2503
2740	1	289.144	1751.96	7927	4268	8521	4278	767372	526	814913	4806
2741	1	281.072	1715.85	7192	5273	7734	5285	680098	687	721608	5965
2742	1	108.83	620.533	9737	763	9982	766	345331	97	361487	861
2743	1	803.287	5364.63	2330	2914	2723	2920	634000	289	721099	3208
2744	1	703.449	4484.48	9038	2209	10455	2213	2190307	535	2446223	2777
2745	1	648.688	4101.63	9410	3065	10741	3072	2080025	422	2311587	3517
2746	1	96.6735	541.99	9917	871	10174	873	312499	82	327653	953
2747	1	298.6	1792.51	9636	1521	10326	1525	972180	205	1028090	1734
2748	1	287.337	1714.65	9033	1300	9627	1303	870665	231	920906	1534
2749	1	629.711	3943.32	6422	3466	7321	3475	1380469	445	1526311	3925
2750	1	880.533	5847.77	7576	1837	8949	1843	2289200	553	2617218	2412
2751	1	389.347	2439.46	7122	3060	7833	3065	942066	513	1010157	3595
2752	1	315.632	1930.45	3143	2233	3381	2236	332090	252	353542	2496
2753	1	384.197	2417.59	9070	780	9969	784	1193065	86	1276242	866
2754	1	385.557	2435.27	8894	1100	9719	1100	1165894	149	1247337	1257
2755	1	107.853	614.735	9268	1334	9490	1336	324874	206	340257	1544
2756	1	108.98	622.12	9140	479	9395	480	325746	55	341094	534
2758	1	583.471	2817.19	7786	1933	8665	1938	1524085	480	1681944	2428
2759	1	626.263	3025.55	7836	2035	8838	2041	1666762	1001	1843130	3093
2760	1	819.316	4060.93	8877	1384	10297	1386	2461200	388	2794561	1792
2761	1	517.065	2483.8	7491	2177	8289	2183	1278358	811	1409724	3027
2762	1	268.49	1262.99	9549	787	10056	788	852069	100	898100	890
2763	1	1354.04	6799.15	6582	2595	8255	2605	3012540	1202	3703161	3944
2764	1	1467.88	7348.68	9080	849	11605	853	4564069	557	5632153	1495
2765	1	673.439	3296.26	8975	1040	10178	1042	2049810	150	2280176	1193
2766	1	635.237	3073.16	7723	1247	8752	1249	1668322	490	1848218	1758
2767	1	236.382	1109.38	9710	945	10145	950	759344	236	797811	1185
2768	1	1129.96	5635.38	5207	4715	6275	4729	1967337	1781	2345054	6659
2769	1	1230.88	6141.12	4741	830	5923	834	2025898	810	2424506	1740
2770	1	1677.86	8629.35	6577	2173	8618	2179	3769541	466	4798264	2692
2771	1	261.332	1236.01	8462	1772	8857	1775	731011	231	770389	2006
2772	1	782.083	3871.55	7728	1702	8963	1706	2069994	456	2335738	2196
2773	1	804.644	3992.83	7446	1622	8721	1624	2065361	182	2335351	1811
2774	1	795.799	3953.11	11394	3484	13259	3488	3112693	391	3515903	3892
2776	1	1884.61	9772.6	6474	5054	8723	5064	4160415	1914	5432247	7166
2777	1	1922.45	9855	5803	2789	7982	2791	3878169	597	5080117	3459
2778	1	1610.39	8122.56	3992	6153	5206	6164	2180019	1116	2762275	7375
2779	1	1374.58	6813.91	6046	3353	7535	3359	2792857	1250	3407473	4721
2780	1	264.223	1243.39	9451	3202	9943	3210	827720	430	872518	3639
2781	1	552.056	2647.17	1628	3378	1814	3383	305620	326	334019	3708
2782	1	483.35	2295.27	7400	5245	8128	5259	1202636	737	1304237	6000
2784	1	1673.74	8274.32	3520	1293	4532	1298	1976824	1380	2508089	2882
2785	1	1379.88	6784.14	3149	1131	3896	1134	1456477	1234	1787139	2597
2786	1	1612.15	7962.2	1112	1151	1462	1151	615819	391	780172	1598
2787	1	1738.25	8571.79	5421	1686	7111	1690	3207284	1993	4103938	4038
2788	1	1676.77	8298.93	5190	2399	6676	2409	2914684	2843	3710515	5720
2791	1	740.613	3664.52	5259	629	5912	629	1298182	259	1454537	910
2792	1	4036.08	20547.3	2900	1798	4969	1803	4048096	3822	6719507	7567
2793	2	4474.22	22903.9	2469	1478	5977	2997	3679027	2536	8702337	8833
2794	2	5144.32	26382.9	928	320	2385	638	1664818	160	4040833	966
2795	3	5803.36	29946	954	677	3013	2023	1748138	524	5692164	3609
2796	3	6950.28	35910	742	175	2725	538	1870496	1060	6241031	3797
2798	3	7156.72	36997.5	370	63	1267	189	891359	294	2985641	1081
2799	3	6930.66	35708.2	474	553	1674	1675	1135431	744	3791392	4000
2802	9	17912.9	103106	254	227	2402	2085	1494723	519	13580779	6756
2807	9	17574.7	102559	124	111	1243	1002	766451	477	6957076	5298
2838	3	5039.85	30399	186	343	699	1043	366921	802	1170749	3458
2839	3	5436.27	32566.3	1251	379	4257	1108	2406601	201	7697458	1742
2840	3	4990.99	29824.6	1066	523	3669	1617	1901697	1553	6062365	6306
2841	3	4873.3	29138.5	443	551	1377	1653	696213	736	2217350	3952
2842	3	3896.65	23202.3	610	1093	2118	3302	866858	477	2697097	4717
2843	3	3892.67	23203	349	56	1161	170	483673	10	1495168	198
2844	3	3413.66	20428.9	1031	671	3181	2032	1166333	566	3587508	3753
2845	3	3556.06	21216.1	807	62	2541	190	977154	449	3001249	1565
2846	3	1744.04	10535.3	1898	164	5847	497	1124490	121	3389859	855
2848	5	13859.1	84312.8	409	15	2360	69	2013833	1	10955541	81
2849	5	14685.5	89514.2	379	165	2275	844	1998463	15	11132410	905
2850	5	14219.4	87274.5	433	283	2528	1459	2125188	205	11961997	2538
2851	5	16183.6	98170.5	344	149	2189	757	2005050	357	11769071	2534
2852	5	15689.3	94880.6	368	18	2213	93	2024880	2	11578884	101
2853	5	16201.1	97725.8	358	168	2200	846	2012396	414	11829881	3305
2854	5	14605.1	88686	538	102	3136	484	2630452	1250	15149548	7038
2855	3	1891.73	11227.8	32	28	105	91	21363	9	64692	110
2856	2	3730.4	22361.5	1939	371	4384	747	2383183	408	5430865	1606
2857	9	16327.4	98042.2	526	496	4999	4569	2935298	559	26564585	9549
2858	9	14593.8	87739.6	631	213	5613	1964	2952189	2124	26675865	21174
2889	1	1389.83	8961.13	1925	483	2480	486	927889	169	1141622	682
2890	1	1438.75	9309.56	4053	172	5276	172	2045116	51	2524942	227
2891	1	1429.94	9194.41	3732	431	4899	433	1884672	33	2324742	464
2892	1	1430.14	9208.58	4023	806	5287	810	2037002	122	2513293	932
2893	1	1416.92	9121.95	3403	1420	4472	1425	1701069	145	2098879	1568
2894	1	1248.12	7947.22	2958	1718	3734	1724	1250150	705	1523330	2459
2895	1	1413	9132.42	3537	189	4690	189	1792399	21	2205826	211
2896	1	1266.07	8029.39	2461	2129	3120	2136	1082006	159	1311184	2288
2897	1	152.904	797.359	857	1870	896	1873	43373	143	45332	2013
2898	1	156.94	824.483	7776	2700	8075	2708	403003	286	421670	2987
2899	1	161.786	842.832	9097	707	9437	710	486413	55	508721	762
2900	1	162.307	846.43	3293	126	3411	126	176591	17	184642	145
2902	1	660.452	3955.62	3247	1661	3738	1671	738327	198	822362	1862
2903	1	652.494	3891.83	3543	622	4164	625	809409	104	900632	736
2904	1	619.368	3717.18	3503	1359	4020	1363	743937	395	826023	1763
2905	1	583.209	3468.23	3734	554	4301	554	750013	102	832523	665
2906	1	626.86	3722.1	3597	1008	4142	1013	770670	224	856377	1236
2907	1	653.357	3912.31	3716	343	4315	345	844427	345	938162	701
2908	1	617.281	3676.16	3528	768	4098	775	757759	285	840180	1062
2909	1	622.179	3706.68	3625	1447	4140	1459	768278	258	852657	1708
2910	1	632.251	3720.86	3806	353	4394	353	836031	196	925493	565
2911	1	603.109	3525.75	3842	676	4407	678	798529	43	883041	719
2912	1	488.521	2809.5	4535	1151	5095	1152	752514	133	822964	1297
2913	1	529.238	3076.48	386	2215	446	2219	72545	148	79105	2363
2914	1	1117.57	5021.64	1178	242	1421	242	442265	181	525513	426
2915	1	1103.97	4954.43	2627	264	3241	264	1003679	16	1185884	280
2916	1	971.794	4305.57	2947	629	3527	632	975250	300	1135882	939
2917	1	1018.38	4530.39	3148	236	3827	236	1111176	11	1297788	247
2918	1	1018.77	4526.8	2745	141	3310	141	960924	300	1122157	453
2919	1	1025.97	4558.76	1856	312	2261	314	661598	41	773016	353
2920	1	1024.58	4538.08	2071	77	2507	77	731972	4	855434	81
2921	1	1022.52	4523.72	1531	422	1875	424	547256	193	639417	639
2922	1	1011.15	4516.75	2626	152	3167	152	912823	57	1064742	210
2923	1	960.122	4289.08	3109	1224	3766	1227	1032909	693	1200609	1966
2925	1	924.141	4142.55	2238	2885	2661	2892	698417	474	811309	3385
2926	1	1292.04	5999.58	4777	2223	6022	2233	2119003	771	2581656	3057
2927	1	1362.21	6359.88	278	595	361	596	132726	51	163888	647
2929	2	3412.36	17014.5	865	336	2077	667	1055480	21	2361850	713
2932	2	2780.9	13535.6	871	234	2042	468	866501	19	1879216	506
2933	2	2903.49	14105.4	1085	677	2452	1358	1086870	283	2363900	1970
2934	2	3019.71	14720.6	920	30	2187	62	1009059	2	2200811	64
2935	2	2990.81	14587	1012	315	2290	627	1043417	242	2274822	1155
2936	2	2908.98	14240.8	1312	564	3026	1138	1330893	221	2904219	1598
2937	2	2715.81	13147.3	992	975	2274	1951	927836	145	2019588	2246
2938	2	2012.52	9405.2	940	2004	2004	4006	631026	288	1331931	4595
2941	1	2360.91	10970.3	1484	423	2148	425	1210610	185	1676111	632
2942	2	2685.64	12877.4	1469	692	3320	1402	1364931	330	2949338	2087
2943	2	3030.65	14728.1	1320	352	3060	712	1412419	103	3082601	909
2944	2	2816.7	13605	1298	287	3012	585	1305964	173	2825735	935
2952	2	2666.31	12716.2	1048	315	2444	635	1004365	416	2167134	1471
2953	2	2671.55	12770.8	1361	366	3050	736	1254799	333	2707664	1433
2954	2	2732.79	13092.7	1438	195	3299	395	1389363	196	3001947	797
2955	2	2741.31	13119.4	339	168	767	341	324657	19	701418	374
2956	2	3029.68	14861.4	1179	279	2859	561	1304338	24	2862847	606
2957	2	2435.4	11628.1	333	1945	739	3900	278627	438	598781	4794
2958	2	2287.55	10655.4	1488	384	3274	769	1166215	720	2472182	2279
2959	2	2411.52	11309.4	738	283	1691	570	629460	22	1343177	610
2960	2	366.432	1568.21	212	17	448	33	27229	0	54981	35
2961	1	357.858	1518.02	2242	743	2402	746	267845	273	286122	1022
2962	1	366.259	1554.22	7317	1569	7835	1577	893553	356	954930	1941
2963	1	372.403	1567.73	3257	172	3489	172	402901	90	430468	263
2964	1	371.918	1568.72	2125	185	2275	186	262545	12	280777	197
2965	5	7996.02	37033.6	488	213	2596	1061	1334620	133	6818936	1735
2966	5	7875.17	36493.5	392	31	2123	162	1094515	4	5550039	174
2967	5	8394.37	38849.9	434	144	2150	725	1177556	11	5989696	778
2968	5	8816.43	40740	280	144	1648	726	947930	230	4834640	1881
2969	5	8280.35	38431.8	266	276	1285	1372	691900	17	3522356	1464
2970	5	8828.43	41006.9	366	364	2014	1802	1153529	311	5893387	3406
2971	5	8982.18	41951.5	356	371	1990	1909	1153829	593	5909318	4868
2972	5	9290.52	43709.3	356	85	1887	435	1127912	8	5790237	466
2973	5	7126.36	33332	250	249	1305	1283	600514	641	3050227	4456
2975	1	988.255	4395.54	862	450	1018	450	286042	28	333724	478
2976	1	1027.06	4583.27	3499	471	4155	472	1215760	199	1421605	686
2978	2	3475.21	15776.2	1049	55	2414	115	1243285	8	2780950	126
2979	2	3421.98	15464.6	1019	561	2447	1123	1239260	34	2767842	1190
2980	2	3572.92	16051.6	951	0	2232	0	1188349	0	2660312	0
2981	2	3490.98	15663.9	1265	71	2875	143	1485863	6	3324879	154
2982	2	3157.8	14071	174	498	392	997	182542	199	405316	1450
2983	1	2342.43	10274	441	183	647	183	364695	8	505202	191
2985	1	2108.76	9356.73	2164	1972	2978	1976	1532146	266	2080681	2287
2986	1	2167.2	9675.84	1181	1423	1620	1429	859500	201	1173197	1640
2989	2	3216.95	14549.9	847	2175	1998	4389	947668	555	2105264	5482
2990	2	3354.53	15154.3	1083	603	2404	1221	1192051	181	2659260	1575
2992	5	6474.59	32607.4	730	183	4034	909	1708703	249	8606206	2171
2993	5	6356.83	32019	240	26	1345	136	567399	2	2852713	140
2994	5	6565.79	33043.5	788	264	4271	1303	1839143	572	9266294	4181
2995	5	6286.35	31232.9	646	368	3364	1857	1376062	1160	6932870	7667
2996	5	6500.59	32235	647	153	3704	791	1562645	1360	7880896	7583
2997	1	2041.65	10189	2396	785	3264	790	1619567	2254	2181560	3173
2998	1	1968.91	9845.21	878	491	1177	491	564990	1460	757176	2210
3000	17	18439.1	93764.3	166	36	3096	610	1090269	588	18541893	10668
3001	17	19752.6	100343	145	16	2680	290	1031142	66	17536512	1393
3002	9	19289	97671.9	202	52	2057	491	1431068	885	13009143	8472
3003	9	18858.2	95429.8	185	76	1951	713	1319421	557	11989086	5714
3004	9	20076.8	101637	211	7	2027	70	1488114	449	13529669	4139
3005	9	19188.2	96777.4	236	39	2327	364	1610573	983	14636924	9294
3006	9	18038.9	90684.4	61	19	495	160	311826	823	2836782	7648
3007	9	19239.8	96452.5	221	41	1913	370	1309111	325	11964608	3301
3008	2	3487.9	17125.6	419	217	969	436	464358	313	1077078	1079
3009	2	4418.16	21735.8	1099	286	2628	575	1599793	1015	3804568	2612
3010	1	2123.81	12454.6	1834	680	2713	685	1411266	407	1907660	1141
3011	1	2213.85	12929.7	1729	56	2532	56	1363068	3	1856160	59
3012	1	2016.98	11652.7	1635	1290	2361	1296	1168113	789	1566298	2197
3013	1	2029.58	11766	1466	526	2156	526	1071791	308	1438504	881
3014	1	2089.56	12199.1	1565	396	2260	398	1157776	30	1562121	428
3015	1	1869.83	10708.2	2187	1672	3039	1678	1412721	620	1861692	2372
3016	1	1904.47	10877.8	1843	1545	2551	1549	1213319	576	1602500	2194
3017	1	2096.72	12221.7	2000	798	2920	799	1502315	206	2023661	1027
3018	1	2223.57	13096.8	1763	0	2584	0	1405740	0	1917336	0
3019	1	2173.01	12806.8	1484	186	2162	187	1147294	301	1558114	533
3020	1	2234.34	13132.5	1537	0	2293	0	1244846	0	1700668	0
3021	1	2168.44	12753.4	1869	240	2739	240	1450063	15	1965930	255
3022	1	261.435	1187.87	4886	428	5186	431	426394	32	449683	460
3023	1	262.962	1181.85	4879	1956	5143	1962	424930	485	447799	2442
3024	1	259.286	1187	5167	142	5483	143	449586	10	473725	152
3025	1	259.088	1195.17	1359	84	1465	84	119684	46	126097	132
3026	1	839.908	4418.58	4788	3356	5686	3369	1385612	431	1592613	3819
3027	1	999.348	5425.21	3906	3498	4789	3511	1358372	569	1587113	4111
3028	1	1058.86	5775.89	7283	2659	9061	2664	2717288	471	3191825	3155
3029	1	1054.05	5731.03	3355	4038	4180	4048	1248549	610	1466477	4672
3030	1	1015.58	5548.71	3834	1610	4736	1613	1362234	491	1596381	2113
3031	1	1015.96	5561.63	4432	2007	5353	2016	1539079	319	1805592	2333
3032	1	1064.42	5845.46	4424	136	5474	137	1651640	22	1939816	160
3033	1	1050.8	5759.01	4220	1127	5256	1129	1565905	143	1837649	1275
3034	1	1050.28	5736.62	1692	144	2094	145	624183	12	733048	156
3035	1	564.927	2583.49	2728	680	3062	683	524486	58	574944	738
3036	1	548.998	2517.53	3323	1996	3652	2001	609220	436	667283	2452
3037	1	529.952	2445.48	273	3748	296	3758	47184	256	51611	4004
3038	1	2037.02	8198.42	2227	886	3187	890	1616647	70	2153022	957
3039	1	2036.91	8208.1	1626	180	2293	181	1164417	12	1550739	192
3040	1	2069.48	8334.3	1597	513	2248	515	1158368	31	1544541	545
3041	1	2039.83	8247.94	1849	144	2593	146	1319195	183	1755921	358
3042	1	2033.56	8174.36	1190	773	1650	774	832815	64	1108204	837
3043	1	2051.47	8256.36	1759	1345	2457	1348	1257779	87	1676480	1432
3044	1	2052.37	8270.87	992	975	1416	976	726675	355	968678	1388
3045	1	573.749	2066	2642	103	2930	103	507261	14	556875	117
3046	1	569.255	2069.37	2659	1077	2949	1084	508447	132	557393	1212
3047	1	570.064	2062.11	444	15	479	15	82220	0	90213	15
3050	2	4376.59	18875	883	620	2225	1251	1382751	330	3239575	2008
3051	2	4279.27	18447.5	1032	1378	2526	2768	1533393	484	3582928	3786
3052	2	4415.58	19127.4	990	1086	2579	2186	1613634	314	3782184	2827
3053	2	4473.17	19416.7	1147	628	2914	1263	1847430	50	4341151	1357
3054	2	4468.49	19388	915	325	2380	644	1508011	37	3541589	724
3055	2	4405.27	19047.8	964	554	2417	1118	1505992	345	3537154	1816
3056	2	4524.91	19610.2	947	9	2362	17	1514362	0	3561125	17
3057	1	1130.73	4084.37	1306	260	1601	261	502771	235	599545	517
3058	1	924.919	3323.65	4857	2790	5728	2802	1522417	288	1761140	3103
3059	1	938.226	3335.77	1091	1966	1266	1975	339176	310	391116	2291
3061	5	7915	31860.2	385	307	2108	1559	1086534	82	5504990	1944
3062	5	8183.16	33006.6	533	105	2947	518	1581740	5	8023467	551
3063	5	7827.02	31579.4	591	339	3244	1681	1647982	1481	8347697	9121
3064	5	8797.94	35849.6	615	135	3594	691	2071087	11	10543242	730
3065	1	1058.46	3883.84	2880	3035	3414	3041	1023572	404	1201473	3473
3066	2	3670.63	14076	438	908	1060	1834	577716	238	1300629	2307
3067	2	3528.06	13517.6	1182	1937	2883	3879	1504820	585	3394411	5057
3068	2	3542.7	13504	2522	607	5985	1214	3151903	52	7090241	1318
3070	1	1618.65	5839.15	1581	2512	2021	2521	805667	1390	1085733	3952
3071	1	1420.38	5195.51	974	913	1201	915	443080	1160	558947	2124
3072	3	6640.37	27738.7	655	161	2317	488	1518991	85	5051192	739
3073	3	7207.48	30107.7	486	212	1675	650	1162698	52	3943099	793
3074	3	6507.59	27089.4	715	166	2378	501	1500276	1269	5026226	4456
3075	1	2294.39	9308.26	704	2	989	2	543429	0	746996	2
3076	9	10379.4	43630.1	49	442	554	4046	196258	1187	1774034	14695
3077	9	12829.4	54547.2	113	211	973	1932	454091	1029	4096490	11198
3078	9	16934.6	72680.4	280	60	2521	555	1549453	261	14031599	2917
3079	9	19809.4	84963.5	243	278	2508	2496	1817261	20	16511202	2682
3080	9	19015.3	81363.4	222	181	2144	1646	1467161	998	13327573	10703
3081	9	19674.3	84661.9	186	26	1971	244	1414009	2	12847099	261
3083	3	4760.87	19575.6	517	126	1747	381	873354	22	2748127	444
3084	3	4853.48	19920.5	620	35	2031	101	1042171	248	3281303	849
3103	9	38151.2	177036	115	3	1278	32	1415132	9997	16249845	104062
3104	33	78126.1	354378	45	35	1663	1241	1311283	4839	43305652	160942
3105	17	38405.7	177613	96	36	1726	591	1296656	25470	22078879	434002
3106	129	0	838884	18	4	3163	672	1563520	5556	201781118	717742
3107	129	0	958065	9	5	2255	713	1773232	4577	229104097	592740
3108	257	42613	755375	4	2	2657	515	1281989	4615	329607987	1186968
3109	2	0	0	0	991	0	2229	0	1014418	0	2342710
3110	3	8242.18	37460.8	357	39	1223	133	965756	22066	3355025	71010
3111	9	16703.5	75467.1	156	11	1543	105	951137	3504	8593307	31794
3112	17	42261.2	185516	49	4	1036	74	854550	0	14597005	85
3113	33	85300.3	369170	29	0	978	0	834068	0	27827221	0
3114	65	68543.1	428721	31	0	2514	39	1238694	0	80555385	139
3115	5	0	0	0	253	0	1298	0	750870	0	3823723
3116	33	85674.9	374385	28	2	1054	113	889968	2	30082404	134
3117	129	80184.9	724888	5	1	1903	106	822624	309	106154508	40207
3118	129	86150.6	868250	0	1	1379	78	726549	1713	93770514	221380
3119	5	10978.9	48190.9	141	2	717	13	503650	0	2617790	13
3120	17	40809.2	177197	31	125	586	2292	462875	1343	7930179	25076
3121	17	43439.9	189061	32	2	630	41	524631	0	8992616	53
3122	1	1069.39	5918.13	82	247	105	247	31050	13	36812	260
3123	1	1310.68	7568.53	1028	296	1371	297	488057	23	592693	319
3124	1	2693.77	17152.8	1572	61	2461	62	1528254	6	2209115	67
3125	1	2922.12	18502.5	78	110	125	110	79262	14	117616	124
3126	1	1610.44	9068.14	2674	3697	3564	3708	1480048	790	1898594	4597
3127	1	1790.35	10125.1	932	1077	1299	1078	595081	480	773543	1647
3128	1	1558.24	8571.79	88	450	112	450	43861	31	56721	481
3129	1	1649.89	9159.8	1205	298	1585	301	684009	38	870149	344
3130	1	1759.38	9774.94	146	435	196	435	87934	33	113354	468
3131	257	0	613900	3	0	368	25	201591	0	51833984	293
3132	129	0	594817	0	0	51	0	49306	0	7001982	0
3133	257	0	605662	2	5	1528	1215	819419	2722	210691105	701215
3134	257	82399.7	97586.3	0	0	46	58	4932	361	1267518	92796
3135	65	73068.5	184104	18	37	1666	2469	1269553	14909	82576264	971634
3136	65	32220.9	188645	31	1	2319	65	1822983	1343	118571616	87365
3137	65	65840.3	185723	17	33	1142	2039	873977	10354	56856441	675220
3138	65	0	172543	21	0	1538	0	1110696	0	72235963	0
3139	65	63860.3	171962	23	6	2449	684	1754106	3754	114119981	244420
3140	65	0	154587	31	0	2111	0	1376095	0	89492032	0
3141	65	97122.3	154319	45	0	2931	0	1908597	0	124122427	0
3142	129	67130.7	418134	4	0	1647	146	1303414	7885	168250770	1017302
3143	129	0	422354	11	1	2386	72	1910428	5992	246604506	773110
3144	129	89308.1	107010	36	12	5120	1685	1174973	2395	151576484	310430
3145	33	89613.6	107352	53	1	1730	69	1553783	752	51713158	24857
3146	257	0	615645	9	0	3109	71	1710707	3264	439854632	838941
3147	257	0	614874	12	2	2742	652	1508116	4198	387759521	1079579
3148	257	59272.5	322527	1	1	228	15	66375	289	17058928	74544
3149	129	0	337392	7	1	1981	86	1204800	2547	155493613	328741
3150	129	60627.3	337155	7	4	2351	458	1428232	4478	184329919	578268
3151	129	59297.1	336233	15	8	3748	1173	2274643	13007	293570076	1679018
3152	257	0	613389	14	2	5071	226	2786199	6618	716382925	1701585
3153	257	0	613462	13	1	4962	445	2723598	9201	700273744	2365216
3154	33	89335.6	106801	46	66	1693	1992	1516715	11723	50497747	390458
3155	65	55092	171569	59	33	3617	2135	2562413	6746	166650825	440677
3156	65	60362.3	188543	53	20	4091	1315	3209593	12857	208757614	837081
3157	129	61421.5	405573	0	34	100	4707	64117	5	8283928	5107
3158	129	51985.2	420188	19	7	3260	942	2598728	13761	335474119	1776489
3159	129	0	422859	2	0	496	0	399253	0	51516809	0
3160	129	82527.6	418212	7	4	1084	472	857730	4652	110716024	600771
3161	257	79290.7	609826	7	12	3637	3304	1987935	15921	511123942	4095352
3162	257	94906.6	611278	24	2	6703	628	3670694	5091	943799930	1309259
3163	257	0	613853	9	0	2125	0	1170178	0	300842114	0
3204	1	2971.23	18902.7	532	55	872	55	578208	1	857476	56
3205	1	2580.28	15741.8	860	0	1339	0	811632	0	1154605	0
3206	1	1419.01	8218.39	1300	100	1689	100	646906	7	797571	107
3207	1	1266.35	7039.72	1879	105	2494	105	871948	8	1052475	113
3210	1	190.341	797.073	6220	237	6471	238	391691	407	410163	659
3211	1	372.139	1638.89	3483	753	3751	756	432457	439	462550	1203
3212	1	641.905	3022.23	593	1362	671	1366	128629	115	142991	1477
3213	1	656.726	3104.86	1867	77	2156	77	422879	6	469646	83
3214	1	811.782	4009.25	1551	785	1853	788	436681	79	496489	867
3215	1	977.501	5091.33	1393	202	1707	202	477176	118	555684	335
3217	1	1944.32	11131.5	764	546	1121	547	546814	646	722758	1335
3218	1	1562.83	8485.53	1149	581	1500	583	616777	325	779002	973
3219	1	1270.75	6590	1403	521	1758	523	614119	692	744196	1320
3220	1	749.598	3584.61	2068	510	2376	514	526577	166	592859	690
3221	1	392.103	1753.18	3794	717	4097	722	500160	2055	536080	2901
3223	1	535.65	2368.23	1560	1310	1718	1313	276347	228	303328	1541
3224	1	492.181	2169.1	1850	82	2043	82	308922	8	335437	90
3225	1	339.165	1463.82	4897	1510	5244	1513	555942	269	592030	1784
3226	1	254.792	1153.11	2147	237	2243	239	180559	77	190474	315
