2484	280394	0.755940	0.000181	0.944542	0.000508	0.714017	0.000420
2485	257340	0.766467	0.000211	0.948868	0.000470	0.727276	0.000412
2486	274121	0.755583	0.000364	0.945715	0.000497	0.714566	0.000510
2487	274615	0.756475	0.000223	0.945623	0.000498	0.715340	0.000432
2488	267839	0.760158	0.000202	0.946893	0.000487	0.719789	0.000417
2489	73488	0.915960	0.000219	0.984845	0.000145	0.902078	0.000253
2490	381416	0.871385	0.000503	0.926039	0.000664	0.806936	0.000742
2491	372306	0.874803	0.000277	0.927677	0.000650	0.811535	0.000624
2492	366315	0.876934	0.000272	0.928758	0.000641	0.814460	0.000616
2493	378536	0.874593	0.000265	0.926556	0.000659	0.810360	0.000627
2494	384101	0.872361	0.001355	0.925557	0.000668	0.807419	0.001382
2495	93831	0.872999	0.000268	0.980730	0.000183	0.856177	0.000307
2496	92232	0.874038	0.000262	0.981053	0.000180	0.857477	0.000302
2497	80545	0.872885	0.000304	0.983414	0.000158	0.858407	0.000329
2498	85858	0.868448	0.000247	0.982339	0.000168	0.853110	0.000283
2502	179023	0.765182	0.000411	0.963867	0.000337	0.737533	0.000473
2503	152829	0.789781	0.000437	0.968990	0.000291	0.765290	0.000482
2504	133896	0.805184	0.000230	0.972727	0.000257	0.783224	0.000305
2505	153511	0.795815	0.000398	0.968856	0.000292	0.771030	0.000450
2507	69306	0.900684	0.000345	0.985695	0.000137	0.887800	0.000361
2508	66907	0.901498	0.000174	0.986183	0.000132	0.889042	0.000209
2509	86688	0.784408	0.000235	0.982171	0.000170	0.770423	0.000267
2510	87927	0.783988	0.000428	0.981921	0.000172	0.769815	0.000441
2511	202735	0.854058	0.000396	0.959276	0.000379	0.819278	0.000499
2512	182290	0.867365	0.000570	0.963232	0.000343	0.835474	0.000624
2513	91845	0.763023	0.000326	0.981131	0.000179	0.748625	0.000348
2514	100997	0.751685	0.000332	0.979289	0.000197	0.736117	0.000357
2515	80576	0.786430	0.000328	0.983407	0.000158	0.773381	0.000346
2516	93191	0.772719	0.000336	0.980859	0.000182	0.757928	0.000359
2517	68612	0.847419	0.000407	0.985836	0.000135	0.835416	0.000417
2518	266426	0.994265	0.000569	0.947158	0.000485	0.941726	0.000723
2519	320203	0.994392	0.000579	0.937163	0.000571	0.931907	0.000785
2520	306500	0.994690	0.000887	0.939690	0.000549	0.934700	0.000997
2521	216554	0.914323	0.000495	0.956621	0.000402	0.874660	0.000599
2522	223534	0.917284	0.000439	0.955285	0.000414	0.876268	0.000566
2523	212189	0.921959	0.000868	0.957458	0.000395	0.882737	0.000908
2524	234663	0.933012	0.000682	0.953163	0.000433	0.889313	0.000765
2525	234532	0.932657	0.000639	0.953188	0.000432	0.888998	0.000731
2526	238864	0.931150	0.000983	0.952365	0.000440	0.886794	0.001022
2527	342913	0.685613	0.000417	0.933005	0.000606	0.639680	0.000569
2528	351703	0.681755	0.000387	0.931405	0.000619	0.634990	0.000555
2529	323649	0.998911	0.000754	0.936529	0.000576	0.935510	0.000911
2530	75054	0.948304	0.001240	0.984527	0.000148	0.933631	0.001228
2531	81197	0.943234	0.003068	0.983282	0.000159	0.927465	0.003021
2532	103413	0.884262	0.000658	0.978804	0.000201	0.865520	0.000668
2533	102405	0.885355	0.000546	0.979007	0.000199	0.866768	0.000563
2534	107032	0.881783	0.000531	0.978079	0.000208	0.862453	0.000551
2535	99753	0.886130	0.000799	0.979539	0.000194	0.867999	0.000801
2536	109699	0.864797	0.000649	0.977545	0.000213	0.845378	0.000660
2537	98634	0.872439	0.001079	0.979764	0.000192	0.854785	0.001070
2538	111389	0.865684	0.000422	0.977207	0.000216	0.845952	0.000453
2540	117979	0.850382	0.000419	0.975891	0.000228	0.829880	0.000452
2541	102306	0.876204	0.000465	0.979026	0.000199	0.857827	0.000487
2542	240091	0.628892	0.000499	0.952132	0.000442	0.598788	0.000551
2543	209159	0.660333	0.001114	0.958040	0.000390	0.632625	0.001097
2544	248438	0.618802	0.000304	0.950550	0.000455	0.588202	0.000404
2545	245677	0.622547	0.000428	0.951072	0.000451	0.592087	0.000495
2547	123951	0.987462	0.000632	0.974701	0.000239	0.962480	0.000660
2548	106967	0.990345	0.000605	0.978092	0.000208	0.968649	0.000626
2549	595002	0.987206	0.000561	0.889210	0.000955	0.877834	0.001066
2550	539789	0.992005	0.000780	0.898447	0.000884	0.891263	0.001122
2551	310675	1.000040	0.001363	0.938918	0.000556	0.938956	0.001395
2552	312237	0.997826	0.000567	0.938630	0.000558	0.936590	0.000771
2553	92561	0.955389	0.001160	0.980986	0.000181	0.937224	0.001151
2554	84450	0.957826	0.000912	0.982624	0.000165	0.941182	0.000910
2555	306529	0.999718	0.000685	0.939684	0.000549	0.939419	0.000846
2556	323576	0.999746	0.000675	0.936543	0.000576	0.936305	0.000855
2557	329927	0.999785	0.000863	0.935378	0.000586	0.935177	0.000998
2558	134495	0.983245	0.000622	0.972608	0.000258	0.956312	0.000656
2559	128833	0.984205	0.000693	0.973731	0.000248	0.958350	0.000717
2560	129887	0.983674	0.000927	0.973522	0.000250	0.957628	0.000935
2561	116088	0.989271	0.000641	0.976268	0.000224	0.965793	0.000664
2562	106943	0.989790	0.000727	0.978097	0.000208	0.968111	0.000740
2563	120795	0.988925	0.000907	0.975330	0.000233	0.964528	0.000914
2564	78022	0.967290	0.000223	0.983925	0.000153	0.951741	0.000265
2565	77313	0.967443	0.000194	0.984069	0.000152	0.952031	0.000241
2566	102506	0.931473	0.000445	0.978986	0.000199	0.911900	0.000474
2567	24375	0.985105	0.000314	0.994922	0.000049	0.980102	0.000316
2568	23449	0.984660	0.000275	0.995114	0.000047	0.979849	0.000278
2570	73828	0.965284	0.000257	0.984776	0.000145	0.950588	0.000289
2571	84030	0.963086	0.000232	0.982708	0.000165	0.946432	0.000278
2575	82731	0.965144	0.000212	0.982971	0.000162	0.948709	0.000261
2576	81019	0.965533	0.000232	0.983318	0.000159	0.949426	0.000275
2577	119724	0.922181	0.000214	0.975543	0.000231	0.899627	0.000298
2578	114318	0.924771	0.000247	0.976621	0.000221	0.903152	0.000316
2579	109480	0.926377	0.000252	0.977589	0.000212	0.905615	0.000315
2580	118350	0.923138	0.000293	0.975817	0.000229	0.900814	0.000356
2581	24510	0.984919	0.000238	0.994894	0.000049	0.979890	0.000241
2582	24551	0.985180	0.000225	0.994885	0.000049	0.980141	0.000229
2583	84963	0.965787	0.000443	0.982520	0.000166	0.948904	0.000464
2584	91586	0.962920	0.000241	0.981183	0.000179	0.944800	0.000292
2585	80902	0.967114	0.000219	0.983341	0.000159	0.951003	0.000265
2586	79196	0.967647	0.000224	0.983687	0.000155	0.951862	0.000267
2587	79799	0.967371	0.000214	0.983565	0.000157	0.951472	0.000259
2588	79305	0.968017	0.000247	0.983665	0.000156	0.952204	0.000286
2589	78954	0.967105	0.000218	0.983736	0.000155	0.951376	0.000262
2590	109632	0.928624	0.000221	0.977558	0.000213	0.907784	0.000292
2591	110567	0.928733	0.000210	0.977371	0.000214	0.907717	0.000286
2592	106971	0.930519	0.000210	0.978091	0.000208	0.910132	0.000282
2593	102298	0.933496	0.000215	0.979028	0.000199	0.913918	0.000281
2594	97923	0.935109	0.000372	0.979907	0.000191	0.916320	0.000406
2595	102947	0.933361	0.000214	0.978898	0.000200	0.913665	0.000280
2596	24350	0.985142	0.000231	0.994927	0.000049	0.980145	0.000235
2597	24436	0.984867	0.000225	0.994909	0.000049	0.979853	0.000229
2598	24412	0.985115	0.000226	0.994914	0.000049	0.980104	0.000230
2599	68792	0.972049	0.000225	0.985799	0.000136	0.958246	0.000258
2600	66512	0.971655	0.000260	0.986264	0.000131	0.958308	0.000287
2601	69317	0.971246	0.000217	0.985693	0.000137	0.957350	0.000252
2602	69239	0.971494	0.000236	0.985708	0.000136	0.957610	0.000268
2603	23938	0.985363	0.000223	0.995012	0.000048	0.980448	0.000227
2604	106933	0.929254	0.000215	0.978099	0.000208	0.908902	0.000285
2605	107542	0.929539	0.000201	0.977977	0.000209	0.909067	0.000276
2606	109596	0.928994	0.000208	0.977565	0.000213	0.908153	0.000284
2607	109936	0.928959	0.000199	0.977497	0.000213	0.908055	0.000277
2608	77260	0.967838	0.000218	0.984079	0.000152	0.952429	0.000260
2609	76364	0.967961	0.000215	0.984261	0.000150	0.952726	0.000257
2610	76510	0.967971	0.000227	0.984232	0.000150	0.952708	0.000267
2611	77042	0.967488	0.000237	0.984123	0.000151	0.952128	0.000275
2612	73894	0.968750	0.000230	0.984762	0.000145	0.953989	0.000267
2613	74337	0.968688	0.000226	0.984672	0.000146	0.953841	0.000264
2614	73368	0.969372	0.000227	0.984869	0.000144	0.954705	0.000263
2616	105725	0.932118	0.000221	0.978341	0.000205	0.911929	0.000289
2617	107202	0.930455	0.000256	0.978045	0.000208	0.910027	0.000317
2618	106201	0.930431	0.000222	0.978245	0.000206	0.910190	0.000290
2619	105132	0.930882	0.000241	0.978460	0.000204	0.910830	0.000303
2620	102081	0.932607	0.000240	0.979072	0.000199	0.913089	0.000299
2621	85783	0.941285	0.000245	0.982354	0.000168	0.924675	0.000288
2622	84840	0.942095	0.000278	0.982545	0.000166	0.925651	0.000315
2623	96654	0.936286	0.000339	0.980162	0.000188	0.917712	0.000376
2624	24150	0.984966	0.000230	0.994968	0.000049	0.980010	0.000234
2625	22620	0.985393	0.000259	0.995286	0.000045	0.980747	0.000261
2626	75189	0.968996	0.000265	0.984499	0.000148	0.953976	0.000297
2627	74121	0.968688	0.000242	0.984716	0.000146	0.953883	0.000277
2628	75140	0.968135	0.000234	0.984509	0.000148	0.953138	0.000271
2629	72534	0.968855	0.000241	0.985039	0.000143	0.954359	0.000275
2630	77640	0.967813	0.000322	0.984002	0.000153	0.952330	0.000350
2631	77268	0.968107	0.000210	0.984078	0.000152	0.952692	0.000253
2632	74836	0.968288	0.000229	0.984571	0.000147	0.953348	0.000267
2633	77477	0.968022	0.000247	0.984035	0.000152	0.952568	0.000284
2634	77162	0.918752	0.000220	0.984099	0.000152	0.904143	0.000258
2635	82784	0.916854	0.000547	0.982960	0.000162	0.901231	0.000558
2649	73304	0.920264	0.000235	0.984882	0.000144	0.906351	0.000267
2650	25570	0.956842	0.000300	0.994674	0.000051	0.951746	0.000302
2651	105177	0.818113	0.000178	0.978451	0.000204	0.800483	0.000241
2652	105557	0.819266	0.000188	0.978374	0.000205	0.801549	0.000249
2653	72073	0.925117	0.000207	0.985132	0.000142	0.911363	0.000243
2654	72339	0.925675	0.000201	0.985078	0.000142	0.911862	0.000238
2655	72780	0.924199	0.000199	0.984989	0.000143	0.910326	0.000237
2656	72462	0.925137	0.000201	0.985053	0.000143	0.911309	0.000238
2657	25487	0.958176	0.000205	0.994691	0.000051	0.953089	0.000209
2658	103418	0.821062	0.000183	0.978803	0.000201	0.803658	0.000244
2659	102866	0.823060	0.000183	0.978914	0.000200	0.805705	0.000243
2660	104598	0.818658	0.000487	0.978567	0.000203	0.801111	0.000505
2661	72079	0.925589	0.000202	0.985131	0.000142	0.911826	0.000238
2662	72110	0.925440	0.000210	0.985125	0.000142	0.911673	0.000245
2663	87297	0.908630	0.000222	0.982048	0.000171	0.892319	0.000268
2664	87697	0.910405	0.000212	0.981967	0.000172	0.893988	0.000260
2665	83552	0.912205	0.000269	0.982805	0.000164	0.896520	0.000304
2666	89773	0.910022	0.000199	0.981548	0.000175	0.893231	0.000253
2667	90419	0.910760	0.000346	0.981418	0.000177	0.893836	0.000376
2668	86174	0.910229	0.000168	0.982275	0.000169	0.894095	0.000225
2669	90956	0.907873	0.000195	0.981310	0.000178	0.890904	0.000251
2670	89758	0.909811	0.000206	0.981551	0.000175	0.893026	0.000258
2671	25643	0.957965	0.000213	0.994659	0.000051	0.952849	0.000217
2672	130318	0.786486	0.000172	0.973436	0.000251	0.765594	0.000259
2673	128689	0.787328	0.000178	0.973760	0.000248	0.766668	0.000261
2674	99838	0.894051	0.000414	0.979522	0.000194	0.875742	0.000441
2675	98294	0.898272	0.000163	0.979832	0.000191	0.880156	0.000234
2676	26136	0.957768	0.000225	0.994557	0.000052	0.952555	0.000229
2677	125185	0.790013	0.000187	0.974456	0.000241	0.769833	0.000264
2678	114813	0.800078	0.000203	0.976523	0.000222	0.781295	0.000266
2679	77488	0.915591	0.000242	0.984033	0.000152	0.900972	0.000276
2680	87688	0.910092	0.000227	0.981969	0.000172	0.893682	0.000272
2681	25803	0.958289	0.000210	0.994626	0.000052	0.953139	0.000214
2682	130796	0.784591	0.000197	0.973341	0.000251	0.763675	0.000275
2683	126843	0.788351	0.000175	0.974126	0.000244	0.767953	0.000257
2684	125055	0.790010	0.000202	0.974482	0.000241	0.769850	0.000274
2685	128794	0.786783	0.000208	0.973739	0.000248	0.766121	0.000281
2686	127615	0.787814	0.000189	0.973973	0.000246	0.767310	0.000267
2687	25810	0.957630	0.000230	0.994624	0.000052	0.952482	0.000234
2688	25966	0.957801	0.000210	0.994592	0.000052	0.952622	0.000215
2689	29470	0.886903	0.000199	0.993867	0.000059	0.881464	0.000205
2690	101439	0.743014	0.000202	0.979200	0.000197	0.727559	0.000246
2691	107719	0.734034	0.000201	0.977941	0.000209	0.717842	0.000249
2692	104749	0.951918	0.000412	0.978536	0.000204	0.931487	0.000447
2693	109831	0.949666	0.000504	0.977518	0.000213	0.928316	0.000532
2694	107428	0.950411	0.000394	0.978000	0.000208	0.929502	0.000433
2695	105954	0.951889	0.000393	0.978295	0.000206	0.931228	0.000431
2700	177580	0.999965	0.000646	0.964148	0.000335	0.964115	0.000707
2701	165636	0.999982	0.000852	0.966478	0.000314	0.966461	0.000881
2702	159771	0.994537	0.000497	0.967627	0.000304	0.962340	0.000568
2703	163637	0.995265	0.000643	0.966870	0.000310	0.962292	0.000694
2704	159468	0.920077	0.000529	0.967686	0.000303	0.890346	0.000583
2705	161346	0.917358	0.000382	0.967318	0.000306	0.887377	0.000464
2706	171504	0.917408	0.000294	0.965332	0.000324	0.885604	0.000411
2707	174653	0.904447	0.000324	0.964718	0.000330	0.872536	0.000432
2708	164685	0.917104	0.000524	0.966665	0.000312	0.886532	0.000582
2710	30589	0.886573	0.000431	0.993635	0.000061	0.880930	0.000431
2712	121683	0.839343	0.000440	0.975153	0.000235	0.818488	0.000472
2713	123403	0.836445	0.000872	0.974810	0.000238	0.815376	0.000873
2714	125611	0.829003	0.000255	0.974371	0.000242	0.807757	0.000319
2715	129442	0.824450	0.000238	0.973610	0.000249	0.802693	0.000310
2716	136366	0.813404	0.000217	0.972238	0.000262	0.790822	0.000300
2718	69704	0.881860	0.000290	0.985614	0.000137	0.869173	0.000310
2720	260217	0.996017	0.000434	0.948326	0.000475	0.944549	0.000627
2721	267725	0.995012	0.000837	0.946914	0.000487	0.942192	0.000929
2722	262571	0.996009	0.000436	0.947883	0.000479	0.944100	0.000631
2723	249245	0.995922	0.000432	0.950397	0.000457	0.946521	0.000613
2724	246611	0.997260	0.000404	0.950895	0.000452	0.948290	0.000593
2725	38384	0.781013	0.000161	0.992027	0.000077	0.774785	0.000170
2726	97925	0.959280	0.000240	0.979906	0.000191	0.940004	0.000298
2727	100563	0.959265	0.000218	0.979376	0.000196	0.939481	0.000285
2729	100399	0.959360	0.000214	0.979409	0.000195	0.939606	0.000281
2730	97526	0.960150	0.000241	0.979987	0.000190	0.940934	0.000299
2731	32249	0.983006	0.000279	0.993292	0.000065	0.976412	0.000284
2732	136746	0.916478	0.000255	0.972162	0.000262	0.890966	0.000345
2734	180155	0.894661	0.000731	0.963647	0.000339	0.862137	0.000767
2735	183976	0.891810	0.000217	0.962905	0.000346	0.858728	0.000373
2736	179590	0.885533	0.000258	0.963757	0.000338	0.853439	0.000390
2737	118577	0.947864	0.000239	0.975772	0.000229	0.924899	0.000319
2738	134767	0.946061	0.000210	0.972554	0.000259	0.920096	0.000319
2739	130636	0.946856	0.000232	0.973373	0.000251	0.921644	0.000328
2740	112600	0.951612	0.000239	0.976965	0.000218	0.929691	0.000312
2741	110678	0.952686	0.000251	0.977349	0.000215	0.931107	0.000319
2742	35097	0.982436	0.000222	0.992704	0.000070	0.975268	0.000231
2743	197344	0.882546	0.000380	0.960316	0.000369	0.847523	0.000489
2744	171048	0.899226	0.000193	0.965421	0.000323	0.868132	0.000345
2745	158069	0.904026	0.000194	0.967961	0.000300	0.875062	0.000330
2746	30835	0.984314	0.000221	0.993585	0.000062	0.977999	0.000227
2747	116682	0.955212	0.000205	0.976150	0.000226	0.932429	0.000294
2748	111942	0.955432	0.000216	0.977096	0.000217	0.933549	0.000296
2749	153114	0.908807	0.000234	0.968934	0.000292	0.880574	0.000349
2750	213720	0.877670	0.000203	0.957164	0.000397	0.840074	0.000399
2751	150551	0.939882	0.000237	0.969438	0.000287	0.911157	0.000355
2752	122643	0.948392	0.000374	0.974962	0.000237	0.924646	0.000428
2753	150367	0.942186	0.000207	0.969474	0.000287	0.913425	0.000337
2754	151495	0.942047	0.000210	0.969252	0.000289	0.913081	0.000340
2755	34773	0.982184	0.000230	0.992771	0.000070	0.975084	0.000238
2756	35178	0.982053	0.000231	0.992688	0.000070	0.974872	0.000239
2758	111833	0.910837	0.000220	0.977118	0.000217	0.889996	0.000292
2759	119962	0.908668	0.000213	0.975496	0.000232	0.886401	0.000296
2760	156316	0.883968	0.000192	0.968305	0.000297	0.855950	0.000322
2761	98839	0.912178	0.000239	0.979723	0.000192	0.893681	0.000293
2762	35830	0.959490	0.000209	0.992553	0.000072	0.952344	0.000219
2763	150282	0.815323	0.000202	0.969491	0.000287	0.790448	0.000305
2764	162383	0.812033	0.000165	0.967115	0.000308	0.785329	0.000297
2765	129731	0.903001	0.000196	0.973553	0.000249	0.879119	0.000296
2766	121538	0.906960	0.000214	0.975182	0.000235	0.884451	0.000298
2767	31632	0.964043	0.000210	0.993420	0.000063	0.957700	0.000217
2768	126573	0.841181	0.000239	0.974180	0.000244	0.819462	0.000310
2769	137758	0.837638	0.000237	0.971962	0.000264	0.814153	0.000319
2770	187233	0.787019	0.000187	0.962273	0.000352	0.757327	0.000330
2771	35143	0.959922	0.000225	0.992695	0.000070	0.952909	0.000233
2772	149882	0.889641	0.000205	0.969570	0.000286	0.862569	0.000323
2773	154331	0.887705	0.000207	0.968695	0.000294	0.859915	0.000329
2774	152919	0.888670	0.000168	0.968972	0.000291	0.861096	0.000306
2776	209308	0.767105	0.000181	0.958011	0.000390	0.734896	0.000346
2777	211009	0.764603	0.000188	0.957684	0.000393	0.732248	0.000350
2778	176841	0.790702	0.000245	0.964292	0.000334	0.762467	0.000354
2779	151157	0.821443	0.000208	0.969319	0.000288	0.796241	0.000311
2780	35323	0.959592	0.000212	0.992658	0.000071	0.952546	0.000221
2781	105847	0.919974	0.000471	0.978316	0.000206	0.900026	0.000498
2782	92802	0.927882	0.000227	0.980938	0.000181	0.910194	0.000279
2784	115820	0.789606	0.000258	0.976322	0.000224	0.770910	0.000307
2785	95648	0.816757	0.000290	0.980365	0.000187	0.800720	0.000322
2786	111410	0.790819	0.000461	0.977203	0.000216	0.772791	0.000482
2787	119965	0.782870	0.000204	0.975495	0.000232	0.763686	0.000269
2788	116168	0.786936	0.000213	0.976252	0.000225	0.768248	0.000273
2791	37508	0.896148	0.000253	0.992207	0.000075	0.889164	0.000260
2792	156960	0.602885	0.000189	0.968178	0.000299	0.583700	0.000257
2793	174095	0.846107	0.000335	0.964827	0.000329	0.816347	0.000427
2794	199873	0.824484	0.000490	0.959828	0.000374	0.791363	0.000562
2795	224571	0.921827	0.000580	0.955087	0.000416	0.880425	0.000674
2796	267546	0.899521	0.000550	0.946948	0.000487	0.851800	0.000681
2798	275335	0.896026	0.000795	0.945488	0.000499	0.847182	0.000875
2799	265625	0.898825	0.000706	0.947309	0.000484	0.851465	0.000798
2802	320178	0.990730	0.000764	0.937167	0.000571	0.928480	0.000913
2807	318496	0.991694	0.001069	0.937477	0.000568	0.929690	0.001149
2838	165646	0.940783	0.001287	0.966477	0.000314	0.909245	0.001278
2839	177207	0.938465	0.000501	0.964221	0.000334	0.904888	0.000576
2840	162284	0.941637	0.000566	0.967135	0.000308	0.910690	0.000619
2841	158685	0.942538	0.000935	0.967840	0.000302	0.912226	0.000949
2842	126507	0.964970	0.000854	0.974193	0.000244	0.940067	0.000864
2843	126732	0.971226	0.001148	0.974148	0.000244	0.946119	0.001144
2844	111768	0.976194	0.000742	0.977131	0.000217	0.953870	0.000756
2845	115959	0.977575	0.000812	0.976294	0.000224	0.954400	0.000822
2846	46434	0.996885	0.000768	0.990370	0.000092	0.987285	0.000766
2848	266602	0.919291	0.000585	0.947125	0.000485	0.870684	0.000711
2849	282612	0.897771	0.000575	0.944128	0.000511	0.847610	0.000711
2850	275737	0.888496	0.000553	0.945413	0.000500	0.839995	0.000686
2851	308620	0.851989	0.000548	0.939298	0.000552	0.800271	0.000698
2852	298431	0.874552	0.000558	0.941184	0.000536	0.823114	0.000704
2853	307168	0.850715	0.000546	0.939566	0.000550	0.799303	0.000695
2854	279151	0.868342	0.000487	0.944774	0.000506	0.820387	0.000636
2855	41266	0.992289	0.005554	0.991433	0.000082	0.983788	0.005507
2856	81335	0.878353	0.000426	0.983254	0.000160	0.863644	0.000442
2857	307295	0.994657	0.000548	0.939543	0.000550	0.934523	0.000751
2858	275968	0.996230	0.000547	0.945369	0.000500	0.941805	0.000718
2889	281396	0.814551	0.000364	0.944355	0.000509	0.769225	0.000539
2890	291339	0.811662	0.000246	0.942501	0.000525	0.764992	0.000485
2891	288164	0.812414	0.000256	0.943092	0.000520	0.766181	0.000487
2892	289414	0.812200	0.000247	0.942860	0.000522	0.765790	0.000484
2893	286691	0.812196	0.000270	0.943367	0.000518	0.766199	0.000492
2894	253541	0.822686	0.000310	0.949585	0.000464	0.781210	0.000482
2895	287706	0.814306	0.000262	0.943178	0.000519	0.768036	0.000490
2896	258762	0.827181	0.000331	0.948600	0.000472	0.784664	0.000501
2897	42814	0.976078	0.000725	0.991114	0.000085	0.967405	0.000723
2898	44167	0.974390	0.000246	0.990836	0.000088	0.965461	0.000258
2899	45118	0.974221	0.000224	0.990641	0.000090	0.965103	0.000239
2900	45325	0.974397	0.000371	0.990598	0.000090	0.965236	0.000378
2902	210025	0.901912	0.000329	0.957873	0.000391	0.863918	0.000473
2903	207090	0.902887	0.000313	0.958438	0.000386	0.865361	0.000460
2904	198410	0.905030	0.000323	0.960110	0.000371	0.868928	0.000457
2905	186060	0.905570	0.000321	0.962500	0.000350	0.871611	0.000443
2906	199001	0.904293	0.000319	0.959996	0.000372	0.868118	0.000455
2907	208845	0.904246	0.000304	0.958100	0.000389	0.866358	0.000457
2908	197091	0.906321	0.000319	0.960365	0.000369	0.870399	0.000453
2909	198800	0.905436	0.000318	0.960035	0.000372	0.869250	0.000454
2910	200669	0.907645	0.000302	0.959674	0.000375	0.871044	0.000447
2911	191471	0.908830	0.000307	0.961452	0.000359	0.873796	0.000440
2912	156586	0.920091	0.000300	0.968252	0.000298	0.890880	0.000399
2913	171796	0.922272	0.000955	0.965275	0.000325	0.890246	0.000969
2914	185656	0.843869	0.000501	0.962578	0.000349	0.812290	0.000565
2915	184172	0.848675	0.000330	0.962866	0.000346	0.817160	0.000433
2916	162796	0.861258	0.000325	0.967034	0.000309	0.832866	0.000412
2917	170713	0.858740	0.000306	0.965486	0.000323	0.829102	0.000405
2918	170476	0.858852	0.000329	0.965533	0.000322	0.829250	0.000422
2919	171534	0.858377	0.000397	0.965326	0.000324	0.828613	0.000474
2920	170745	0.858188	0.000378	0.965480	0.000323	0.828564	0.000458
2921	170241	0.858384	0.000437	0.965579	0.000322	0.828837	0.000504
2922	170135	0.859876	0.000337	0.965599	0.000322	0.830296	0.000427
2923	161951	0.863028	0.000314	0.967200	0.000307	0.834720	0.000403
2925	156357	0.863685	0.000382	0.968297	0.000297	0.836303	0.000450
2926	216068	0.822711	0.000238	0.956714	0.000401	0.787099	0.000401
2927	226499	0.811646	0.000967	0.954719	0.000419	0.774893	0.000984
2929	334503	0.894561	0.000647	0.934540	0.000593	0.836003	0.000804
2932	277040	0.923197	0.000728	0.945169	0.000502	0.872577	0.000829
2933	286946	0.920511	0.000649	0.943319	0.000518	0.868336	0.000776
2934	298927	0.917900	0.000672	0.941092	0.000537	0.863829	0.000802
2935	295822	0.918286	0.000661	0.941668	0.000532	0.864721	0.000791
2936	288677	0.917480	0.000585	0.942997	0.000521	0.865181	0.000730
2937	267588	0.919873	0.000702	0.946940	0.000487	0.871064	0.000801
2938	200085	0.948963	0.000866	0.959787	0.000374	0.910803	0.000904
2941	231556	0.723200	0.000346	0.953755	0.000427	0.689755	0.000452
2942	264599	0.926628	0.000581	0.947502	0.000482	0.877981	0.000709
2943	298244	0.917292	0.000568	0.941219	0.000536	0.863372	0.000726
2944	278784	0.925322	0.000594	0.944843	0.000505	0.874284	0.000730
2952	262574	0.927953	0.000678	0.947883	0.000479	0.879590	0.000781
2953	263129	0.927895	0.000606	0.947778	0.000480	0.879439	0.000727
2954	269432	0.926660	0.000576	0.946594	0.000490	0.877171	0.000709
2955	270917	0.926730	0.001191	0.946316	0.000492	0.876979	0.001216
2956	299341	0.912128	0.000589	0.941015	0.000538	0.858327	0.000740
2957	241605	0.931797	0.001290	0.951844	0.000444	0.886926	0.001296
2958	225489	0.944721	0.000635	0.954912	0.000417	0.902125	0.000724
2959	237341	0.938452	0.000862	0.952654	0.000437	0.894020	0.000918
2960	46133	0.998625	0.004282	0.990432	0.000092	0.989070	0.004242
2961	44693	0.944047	0.000431	0.990728	0.000089	0.935294	0.000436
2962	45697	0.943467	0.000237	0.990522	0.000091	0.934525	0.000250
2963	46013	0.943608	0.000353	0.990457	0.000092	0.934603	0.000360
2964	46009	0.942704	0.000440	0.990458	0.000092	0.933709	0.000445
2965	288092	0.978986	0.000760	0.943106	0.000520	0.923287	0.000879
2966	285563	0.986420	0.000845	0.943577	0.000516	0.930763	0.000946
2967	302778	0.983338	0.000812	0.940378	0.000543	0.924710	0.000932
2968	316296	0.980686	0.000903	0.937882	0.000565	0.919768	0.001012
2969	298972	0.982514	0.001059	0.941084	0.000537	0.924628	0.001128
2970	317445	0.978998	0.000817	0.937670	0.000566	0.917978	0.000946
2971	323952	0.976608	0.000816	0.936474	0.000576	0.914568	0.000949
2972	336892	0.974295	0.000823	0.934103	0.000596	0.910092	0.000964
2973	260397	0.984797	0.001139	0.948292	0.000475	0.933876	0.001177
2975	47863	0.859744	0.000602	0.990077	0.000095	0.851213	0.000602
2976	49813	0.857709	0.000293	0.989677	0.000099	0.848855	0.000303
2978	221361	0.894921	0.000597	0.955700	0.000410	0.855276	0.000678
2979	217102	0.896263	0.000598	0.956516	0.000403	0.857289	0.000677
2980	224858	0.894141	0.000610	0.955032	0.000416	0.853933	0.000691
2981	219756	0.894558	0.000546	0.956007	0.000408	0.855204	0.000636
2982	197948	0.901611	0.001564	0.960199	0.000370	0.865726	0.001538
2983	92530	0.722805	0.000630	0.980992	0.000181	0.709067	0.000632
2985	83899	0.737423	0.000305	0.982735	0.000164	0.724691	0.000324
2986	86700	0.733627	0.000408	0.982169	0.000170	0.720545	0.000420
2989	205135	0.901139	0.000686	0.958814	0.000383	0.864025	0.000743
2990	213212	0.897340	0.000610	0.957262	0.000396	0.858989	0.000684
2992	205998	0.993181	0.000680	0.958648	0.000384	0.952111	0.000755
2993	202901	0.994959	0.001182	0.959244	0.000379	0.954409	0.001195
2994	209069	0.992841	0.000655	0.958057	0.000389	0.951198	0.000737
2995	197939	0.992900	0.000758	0.960201	0.000370	0.953384	0.000815
2996	203672	0.991879	0.000710	0.959096	0.000380	0.951307	0.000779
2997	52907	0.743502	0.000296	0.989043	0.000105	0.735355	0.000303
2998	51036	0.747342	0.000500	0.989426	0.000101	0.739440	0.000500
3000	348863	0.999772	0.000929	0.931921	0.000615	0.931709	0.001062
3001	372896	0.999748	0.000955	0.927571	0.000651	0.927337	0.001099
3002	362960	0.990200	0.000781	0.929365	0.000636	0.920257	0.000961
3003	354831	0.990628	0.000814	0.930837	0.000624	0.922113	0.000977
3004	377079	0.990049	0.000766	0.926818	0.000657	0.917595	0.000963
3005	359448	0.990472	0.000736	0.930000	0.000631	0.921139	0.000927
3006	336185	0.989475	0.001672	0.934233	0.000595	0.924400	0.001669
3007	357497	0.984895	0.000812	0.930354	0.000628	0.916301	0.000976
3008	74451	0.863032	0.000955	0.984649	0.000146	0.849783	0.000949
3009	94106	0.841567	0.000506	0.980675	0.000184	0.825303	0.000520
3010	333823	0.740843	0.000317	0.934665	0.000592	0.692439	0.000529
3011	344068	0.735351	0.000324	0.932794	0.000607	0.685932	0.000539
3012	315123	0.746905	0.000348	0.938098	0.000563	0.700670	0.000532
3013	317639	0.746192	0.000363	0.937635	0.000567	0.699655	0.000543
3014	327736	0.742230	0.000350	0.935779	0.000582	0.694564	0.000542
3015	294749	0.760078	0.000313	0.941868	0.000531	0.715893	0.000500
3016	299394	0.758349	0.000338	0.941005	0.000538	0.713610	0.000518
3017	328755	0.743448	0.000307	0.935593	0.000584	0.695564	0.000521
3018	348456	0.734163	0.000319	0.931995	0.000614	0.684237	0.000540
3019	341547	0.737358	0.000353	0.933254	0.000604	0.688142	0.000554
3020	348567	0.732963	0.000339	0.931975	0.000614	0.683103	0.000550
3021	339972	0.738626	0.000314	0.933541	0.000601	0.689537	0.000532
3022	57628	0.959273	0.000296	0.988077	0.000114	0.947835	0.000313
3023	57172	0.959955	0.000295	0.988170	0.000113	0.948599	0.000311
3024	57494	0.960157	0.000286	0.988104	0.000114	0.948735	0.000303
3025	57950	0.960299	0.000553	0.988011	0.000115	0.948786	0.000557
3026	204535	0.873142	0.000264	0.958929	0.000382	0.837281	0.000419
3027	242652	0.858466	0.000277	0.951646	0.000446	0.816956	0.000465
3028	255737	0.853751	0.000198	0.949171	0.000467	0.810355	0.000441
3029	254047	0.853827	0.000292	0.949490	0.000465	0.810700	0.000484
3030	247006	0.855865	0.000278	0.950821	0.000453	0.813775	0.000470
3031	247474	0.854930	0.000262	0.950732	0.000454	0.812810	0.000461
3032	258848	0.853851	0.000254	0.948584	0.000473	0.809950	0.000470
3033	255613	0.854568	0.000260	0.949194	0.000467	0.811151	0.000470
3034	254350	0.853929	0.000413	0.949432	0.000465	0.810748	0.000558
3035	99618	0.917123	0.000365	0.979566	0.000194	0.898383	0.000399
3036	97291	0.918010	0.000337	0.980034	0.000190	0.899681	0.000373
3037	94434	0.919497	0.001201	0.980609	0.000184	0.901667	0.001190
3038	257760	0.751987	0.000295	0.948789	0.000471	0.713477	0.000451
3039	258152	0.751991	0.000347	0.948715	0.000471	0.713425	0.000484
3040	261724	0.751069	0.000348	0.948043	0.000477	0.712045	0.000487
3041	259532	0.752395	0.000326	0.948455	0.000474	0.713613	0.000472
3042	257323	0.752620	0.000410	0.948872	0.000470	0.714140	0.000526
3043	259760	0.751351	0.000334	0.948412	0.000474	0.712591	0.000477
3044	259996	0.751270	0.000440	0.948368	0.000474	0.712480	0.000548
3045	57496	0.915724	0.000373	0.988104	0.000114	0.904831	0.000383
3046	57610	0.917039	0.000370	0.988080	0.000114	0.906108	0.000381
3047	57655	0.916264	0.000925	0.988071	0.000114	0.905334	0.000920
3050	342524	0.854249	0.000550	0.933076	0.000605	0.797079	0.000728
3051	335213	0.856548	0.000523	0.934410	0.000594	0.800367	0.000705
3052	346469	0.853864	0.000509	0.932357	0.000611	0.796106	0.000705
3053	350875	0.851696	0.000475	0.931556	0.000618	0.793402	0.000687
3054	350626	0.852174	0.000526	0.931601	0.000617	0.793886	0.000719
3055	345111	0.852110	0.000526	0.932604	0.000609	0.794681	0.000714
3056	353950	0.851061	0.000524	0.930997	0.000622	0.792335	0.000720
3057	94407	0.840833	0.000473	0.980614	0.000184	0.824533	0.000489
3058	77580	0.867270	0.000256	0.984015	0.000152	0.853407	0.000285
3059	77752	0.870017	0.000539	0.983980	0.000153	0.856079	0.000546
3061	332998	0.987241	0.000848	0.934816	0.000590	0.922888	0.000984
3062	344071	0.986058	0.000702	0.932794	0.000607	0.919789	0.000888
3063	330108	0.987472	0.000689	0.935345	0.000586	0.923626	0.000866
3064	369974	0.982522	0.000612	0.928098	0.000647	0.911876	0.000852
3065	58534	0.854359	0.000322	0.987891	0.000116	0.844014	0.000333
3066	260575	0.889089	0.000872	0.948259	0.000475	0.843086	0.000928
3067	250337	0.887399	0.000540	0.950190	0.000459	0.843198	0.000655
3068	250748	0.889833	0.000373	0.950113	0.000459	0.845442	0.000541
3070	73512	0.743433	0.000420	0.984840	0.000145	0.732162	0.000427
3071	65803	0.794412	0.000541	0.986408	0.000130	0.783614	0.000544
3072	236687	0.902572	0.000612	0.952778	0.000436	0.859951	0.000704
3073	255515	0.884983	0.000689	0.949213	0.000467	0.840037	0.000774
3074	230559	0.895893	0.000613	0.953944	0.000426	0.854632	0.000698
3075	65896	0.728450	0.000515	0.986389	0.000130	0.718536	0.000517
3076	220043	0.995964	0.002120	0.955953	0.000408	0.952094	0.002067
3077	275018	0.997876	0.001396	0.945547	0.000499	0.943539	0.001411
3078	362134	0.994012	0.000753	0.929514	0.000635	0.923949	0.000943
3079	419922	0.990711	0.000693	0.919175	0.000720	0.910637	0.000956
3080	402731	0.990921	0.000772	0.922227	0.000695	0.913854	0.000990
3081	418579	0.990732	0.000786	0.919413	0.000718	0.910892	0.001014
3083	115936	0.954006	0.000843	0.976298	0.000224	0.931394	0.000850
3084	117915	0.953417	0.000771	0.975904	0.000228	0.930443	0.000784
3103	267584	0.783835	0.000630	0.946941	0.000487	0.742245	0.000708
3104	535699	0.999269	0.000859	0.899139	0.000879	0.898482	0.001170
3105	268716	0.998460	0.000851	0.946728	0.000489	0.945270	0.000942
3106	809974	0.999584	0.000796	0.854987	0.001201	0.854631	0.001380
3107	0	0.998451	0.000747	1.000000	0.000000	0.998451	0.000747
3108	267490	0.999593	0.000881	0.946959	0.000487	0.946573	0.000966
3109	0	-nan	nan	1.000000	0.000000	-nan	nan
3110	63003	0.863876	0.000742	0.986979	0.000125	0.852627	0.000740
3111	125830	0.996330	0.000963	0.974328	0.000242	0.970752	0.000969
3112	307491	0.995299	0.001045	0.939506	0.000551	0.935090	0.001124
3113	609787	0.989147	0.001067	0.886769	0.000973	0.877145	0.001349
3114	706424	0.999531	0.000891	0.871137	0.001088	0.870729	0.001336
3115	0	-nan	nan	1.000000	0.000000	-nan	nan
3116	666627	0.976317	0.001019	0.877507	0.001042	0.856726	0.001354
3117	690139	0.999679	0.001098	0.873732	0.001069	0.873452	0.001436
3118	794152	0.999527	0.001168	0.857416	0.001185	0.857010	0.001551
3119	87862	0.962239	0.001218	0.981934	0.000172	0.944856	0.001208
3120	319002	0.992343	0.001415	0.937384	0.000569	0.930206	0.001442
3121	340070	0.991853	0.001329	0.933523	0.000601	0.925918	0.001376
3122	256039	0.845888	0.001885	0.949114	0.000468	0.802844	0.001832
3123	312651	0.825366	0.000494	0.938554	0.000559	0.774650	0.000654
3124	422796	0.692566	0.000311	0.918667	0.000724	0.636238	0.000577
3125	446015	0.674622	0.001367	0.914582	0.000757	0.616997	0.001350
3126	257953	0.781016	0.000300	0.948753	0.000471	0.740991	0.000465
3127	284474	0.770587	0.000478	0.943780	0.000514	0.727264	0.000601
3128	248073	0.774806	0.001756	0.950619	0.000455	0.736545	0.001706
3129	262569	0.787517	0.000439	0.947884	0.000479	0.746474	0.000561
3130	277192	0.777090	0.001237	0.945140	0.000502	0.734459	0.001233
3131	0	0.999523	0.002222	1.000000	0.000000	0.999523	0.002222
3132	0	0.908389	0.004076	1.000000	0.000000	0.908389	0.004076
3133	573033	0.999531	0.001102	0.892863	0.000927	0.892444	0.001351
3134	321372	1.000041	0.014212	0.936948	0.000572	0.936986	0.013328
3135	584119	0.999350	0.000880	0.891016	0.000941	0.890437	0.001224
3136	598237	0.999364	0.000734	0.888675	0.000959	0.888110	0.001159
3137	588748	0.999177	0.001061	0.890247	0.000947	0.889514	0.001337
3138	563675	0.999458	0.000941	0.894428	0.000915	0.893942	0.001243
3139	561458	0.999118	0.000749	0.894799	0.000912	0.894010	0.001131
3140	512758	0.999511	0.000845	0.903039	0.000848	0.902598	0.001141
3141	512091	0.999511	0.000718	0.903153	0.000848	0.902712	0.001067
3142	670690	0.999354	0.000872	0.876853	0.001046	0.876286	0.001295
3143	873748	0.999364	0.000720	0.845335	0.001267	0.844797	0.001405
3144	386017	1.000001	0.000919	0.925213	0.000670	0.925214	0.001083
3145	387395	0.991557	0.000783	0.924966	0.000672	0.917157	0.000985
3146	408095	0.999546	0.000763	0.921273	0.000703	0.920854	0.000994
3147	843173	0.999559	0.000812	0.849935	0.001236	0.849560	0.001415
3148	645488	0.999981	0.003874	0.880929	0.001016	0.880912	0.003561
3149	801049	0.999534	0.000907	0.856355	0.001192	0.855956	0.001422
3150	739392	0.999535	0.000833	0.865929	0.001125	0.865527	0.001336
3151	685228	0.999532	0.000660	0.874518	0.001063	0.874109	0.001209
3152	751386	0.999547	0.000598	0.864050	0.001138	0.863658	0.001249
3153	693642	0.999566	0.000604	0.873173	0.001073	0.872794	0.001195
3154	384828	0.991198	0.000793	0.925426	0.000669	0.917281	0.000989
3155	559578	0.999458	0.000620	0.895114	0.000910	0.894629	0.001065
3156	595866	0.999377	0.000554	0.889067	0.000956	0.888514	0.001074
3157	244735	0.998463	0.003928	0.951251	0.000449	0.949788	0.003763
3158	665855	0.999300	0.000617	0.877632	0.001041	0.877017	0.001173
3159	0	0.999754	0.001576	1.000000	0.000000	0.999754	0.001576
3160	683313	0.999388	0.001075	0.874825	0.001061	0.874290	0.001417
3161	727805	0.999568	0.000708	0.867752	0.001112	0.867377	0.001270
3162	739899	0.999550	0.000521	0.865850	0.001125	0.865460	0.001212
3163	644882	0.999653	0.000922	0.881028	0.001016	0.880722	0.001300
3204	451173	0.675000	0.000506	0.913680	0.000764	0.616734	0.000693
3205	395585	0.703768	0.000425	0.923501	0.000685	0.649931	0.000621
3206	329653	0.812817	0.000437	0.935428	0.000585	0.760331	0.000627
3207	295467	0.830442	0.000366	0.941734	0.000532	0.782055	0.000560
3210	45285	0.970272	0.000267	0.990606	0.000090	0.961158	0.000279
3211	88044	0.942585	0.000343	0.981897	0.000172	0.925521	0.000374
3212	151209	0.903801	0.000782	0.969309	0.000288	0.876062	0.000801
3213	154606	0.904573	0.000430	0.968641	0.000294	0.876207	0.000494
3214	190445	0.882833	0.000457	0.961650	0.000357	0.848977	0.000541
3215	230435	0.861364	0.000464	0.953968	0.000425	0.821714	0.000575
3217	304226	0.757741	0.000504	0.940110	0.000546	0.712360	0.000629
3218	245323	0.793280	0.000459	0.951139	0.000450	0.754520	0.000564
3219	200800	0.827165	0.000439	0.959649	0.000375	0.793789	0.000523
3220	118842	0.891773	0.000404	0.975719	0.000230	0.870120	0.000444
3221	61704	0.940180	0.000325	0.987244	0.000122	0.928187	0.000341
3223	91320	0.916240	0.000504	0.981236	0.000178	0.899047	0.000521
3224	84646	0.926597	0.000452	0.982584	0.000166	0.910460	0.000470
3225	58795	0.947436	0.000291	0.987838	0.000116	0.935913	0.000308
3226	55617	0.959242	0.000456	0.988488	0.000110	0.948199	0.000463
