2484	0.714017	0.000420
2485	0.727276	0.000412
2486	0.714566	0.000510
2487	0.715340	0.000432
2488	0.719789	0.000417
2489	0.902078	0.000253
2490	0.806936	0.000742
2491	0.811535	0.000624
2492	0.814460	0.000616
2493	0.810360	0.000627
2494	0.807419	0.001382
2495	0.856177	0.000307
2496	0.857477	0.000302
2497	0.858407	0.000329
2498	0.853110	0.000283
2502	0.737533	0.000473
2503	0.765290	0.000482
2504	0.783224	0.000305
2505	0.771030	0.000450
2507	0.887800	0.000361
2508	0.889042	0.000209
2509	0.770423	0.000267
2510	0.769815	0.000441
2511	0.819278	0.000499
2512	0.835474	0.000624
2513	0.748625	0.000348
2514	0.736117	0.000357
2515	0.773381	0.000346
2516	0.757928	0.000359
2517	0.835416	0.000417
2518	0.941726	0.000723
2519	0.931907	0.000785
2520	0.934700	0.000997
2521	0.874660	0.000599
2522	0.876268	0.000566
2523	0.882737	0.000908
2524	0.889313	0.000765
2525	0.888998	0.000731
2526	0.886794	0.001022
2527	0.639680	0.000569
2528	0.634990	0.000555
2529	0.935510	0.000911
2530	0.933631	0.001228
2531	0.927465	0.003021
2532	0.865520	0.000668
2533	0.866768	0.000563
2534	0.862453	0.000551
2535	0.867999	0.000801
2536	0.845378	0.000660
2537	0.854785	0.001070
2538	0.845952	0.000453
2540	0.829880	0.000452
2541	0.857827	0.000487
2542	0.598788	0.000551
2543	0.632625	0.001097
2544	0.588202	0.000404
2545	0.592087	0.000495
2547	0.962480	0.000660
2548	0.968649	0.000626
2549	0.877834	0.001066
2550	0.891263	0.001122
2551	0.938956	0.001395
2552	0.936590	0.000771
2553	0.937224	0.001151
2554	0.941182	0.000910
2555	0.939419	0.000846
2556	0.936305	0.000855
2557	0.935177	0.000998
2558	0.956312	0.000656
2559	0.958350	0.000717
2560	0.957628	0.000935
2561	0.965793	0.000664
2562	0.968111	0.000740
2563	0.964528	0.000914
2564	0.951741	0.000265
2565	0.952031	0.000241
2566	0.911900	0.000474
2567	0.980102	0.000316
2568	0.979849	0.000278
2570	0.950588	0.000289
2571	0.946432	0.000278
2575	0.948709	0.000261
2576	0.949426	0.000275
2577	0.899627	0.000298
2578	0.903152	0.000316
2579	0.905615	0.000315
2580	0.900814	0.000356
2581	0.979890	0.000241
2582	0.980141	0.000229
2583	0.948904	0.000464
2584	0.944800	0.000292
2585	0.951003	0.000265
2586	0.951862	0.000267
2587	0.951472	0.000259
2588	0.952204	0.000286
2589	0.951376	0.000262
2590	0.907784	0.000292
2591	0.907717	0.000286
2592	0.910132	0.000282
2593	0.913918	0.000281
2594	0.916320	0.000406
2595	0.913665	0.000280
2596	0.980145	0.000235
2597	0.979853	0.000229
2598	0.980104	0.000230
2599	0.958246	0.000258
2600	0.958308	0.000287
2601	0.957350	0.000252
2602	0.957610	0.000268
2603	0.980448	0.000227
2604	0.908902	0.000285
2605	0.909067	0.000276
2606	0.908153	0.000284
2607	0.908055	0.000277
2608	0.952429	0.000260
2609	0.952726	0.000257
2610	0.952708	0.000267
2611	0.952128	0.000275
2612	0.953989	0.000267
2613	0.953841	0.000264
2614	0.954705	0.000263
2616	0.911929	0.000289
2617	0.910027	0.000317
2618	0.910190	0.000290
2619	0.910830	0.000303
2620	0.913089	0.000299
2621	0.924675	0.000288
2622	0.925651	0.000315
2623	0.917712	0.000376
2624	0.980010	0.000234
2625	0.980747	0.000261
2626	0.953976	0.000297
2627	0.953883	0.000277
2628	0.953138	0.000271
2629	0.954359	0.000275
2630	0.952330	0.000350
2631	0.952692	0.000253
2632	0.953348	0.000267
2633	0.952568	0.000284
2634	0.904143	0.000258
2635	0.901231	0.000558
2649	0.906351	0.000267
2650	0.951746	0.000302
2651	0.800483	0.000241
2652	0.801549	0.000249
2653	0.911363	0.000243
2654	0.911862	0.000238
2655	0.910326	0.000237
2656	0.911309	0.000238
2657	0.953089	0.000209
2658	0.803658	0.000244
2659	0.805705	0.000243
2660	0.801111	0.000505
2661	0.911826	0.000238
2662	0.911673	0.000245
2663	0.892319	0.000268
2664	0.893988	0.000260
2665	0.896520	0.000304
2666	0.893231	0.000253
2667	0.893836	0.000376
2668	0.894095	0.000225
2669	0.890904	0.000251
2670	0.893026	0.000258
2671	0.952849	0.000217
2672	0.765594	0.000259
2673	0.766668	0.000261
2674	0.875742	0.000441
2675	0.880156	0.000234
2676	0.952555	0.000229
2677	0.769833	0.000264
2678	0.781295	0.000266
2679	0.900972	0.000276
2680	0.893682	0.000272
2681	0.953139	0.000214
2682	0.763675	0.000275
2683	0.767953	0.000257
2684	0.769850	0.000274
2685	0.766121	0.000281
2686	0.767310	0.000267
2687	0.952482	0.000234
2688	0.952622	0.000215
2689	0.881464	0.000205
2690	0.727559	0.000246
2691	0.717842	0.000249
2692	0.931487	0.000447
2693	0.928316	0.000532
2694	0.929502	0.000433
2695	0.931228	0.000431
2700	0.964115	0.000707
2701	0.966461	0.000881
2702	0.962340	0.000568
2703	0.962292	0.000694
2704	0.890346	0.000583
2705	0.887377	0.000464
2706	0.885604	0.000411
2707	0.872536	0.000432
2708	0.886532	0.000582
2710	0.880930	0.000431
2712	0.818488	0.000472
2713	0.815376	0.000873
2714	0.807757	0.000319
2715	0.802693	0.000310
2716	0.790822	0.000300
2718	0.869173	0.000310
2720	0.944549	0.000627
2721	0.942192	0.000929
2722	0.944100	0.000631
2723	0.946521	0.000613
2724	0.948290	0.000593
2725	0.774785	0.000170
2726	0.940004	0.000298
2727	0.939481	0.000285
2729	0.939606	0.000281
2730	0.940934	0.000299
2731	0.976412	0.000284
2732	0.890966	0.000345
2734	0.862137	0.000767
2735	0.858728	0.000373
2736	0.853439	0.000390
2737	0.924899	0.000319
2738	0.920096	0.000319
2739	0.921644	0.000328
2740	0.929691	0.000312
2741	0.931107	0.000319
2742	0.975268	0.000231
2743	0.847523	0.000489
2744	0.868132	0.000345
2745	0.875062	0.000330
2746	0.977999	0.000227
2747	0.932429	0.000294
2748	0.933549	0.000296
2749	0.880574	0.000349
2750	0.840074	0.000399
2751	0.911157	0.000355
2752	0.924646	0.000428
2753	0.913425	0.000337
2754	0.913081	0.000340
2755	0.975084	0.000238
2756	0.974872	0.000239
2758	0.889996	0.000292
2759	0.886401	0.000296
2760	0.855950	0.000322
2761	0.893681	0.000293
2762	0.952344	0.000219
2763	0.790448	0.000305
2764	0.785329	0.000297
2765	0.879119	0.000296
2766	0.884451	0.000298
2767	0.957700	0.000217
2768	0.819462	0.000310
2769	0.814153	0.000319
2770	0.757327	0.000330
2771	0.952909	0.000233
2772	0.862569	0.000323
2773	0.859915	0.000329
2774	0.861096	0.000306
2776	0.734896	0.000346
2777	0.732248	0.000350
2778	0.762467	0.000354
2779	0.796241	0.000311
2780	0.952546	0.000221
2781	0.900026	0.000498
2782	0.910194	0.000279
2784	0.770910	0.000307
2785	0.800720	0.000322
2786	0.772791	0.000482
2787	0.763686	0.000269
2788	0.768248	0.000273
2791	0.889164	0.000260
2792	0.583700	0.000257
2793	0.816347	0.000427
2794	0.791363	0.000562
2795	0.880425	0.000674
2796	0.851800	0.000681
2798	0.847182	0.000875
2799	0.851465	0.000798
2802	0.928480	0.000913
2807	0.929690	0.001149
2838	0.909245	0.001278
2839	0.904888	0.000576
2840	0.910690	0.000619
2841	0.912226	0.000949
2842	0.940067	0.000864
2843	0.946119	0.001144
2844	0.953870	0.000756
2845	0.954400	0.000822
2846	0.987285	0.000766
2848	0.870684	0.000711
2849	0.847610	0.000711
2850	0.839995	0.000686
2851	0.800271	0.000698
2852	0.823114	0.000704
2853	0.799303	0.000695
2854	0.820387	0.000636
2855	0.983788	0.005507
2856	0.863644	0.000442
2857	0.934523	0.000751
2858	0.941805	0.000718
2889	0.769225	0.000539
2890	0.764992	0.000485
2891	0.766181	0.000487
2892	0.765790	0.000484
2893	0.766199	0.000492
2894	0.781210	0.000482
2895	0.768036	0.000490
2896	0.784664	0.000501
2897	0.967405	0.000723
2898	0.965461	0.000258
2899	0.965103	0.000239
2900	0.965236	0.000378
2902	0.863918	0.000473
2903	0.865361	0.000460
2904	0.868928	0.000457
2905	0.871611	0.000443
2906	0.868118	0.000455
2907	0.866358	0.000457
2908	0.870399	0.000453
2909	0.869250	0.000454
2910	0.871044	0.000447
2911	0.873796	0.000440
2912	0.890880	0.000399
2913	0.890246	0.000969
2914	0.812290	0.000565
2915	0.817160	0.000433
2916	0.832866	0.000412
2917	0.829102	0.000405
2918	0.829250	0.000422
2919	0.828613	0.000474
2920	0.828564	0.000458
2921	0.828837	0.000504
2922	0.830296	0.000427
2923	0.834720	0.000403
2925	0.836303	0.000450
2926	0.787099	0.000401
2927	0.774893	0.000984
2929	0.836003	0.000804
2932	0.872577	0.000829
2933	0.868336	0.000776
2934	0.863829	0.000802
2935	0.864721	0.000791
2936	0.865181	0.000730
2937	0.871064	0.000801
2938	0.910803	0.000904
2941	0.689755	0.000452
2942	0.877981	0.000709
2943	0.863372	0.000726
2944	0.874284	0.000730
2952	0.879590	0.000781
2953	0.879439	0.000727
2954	0.877171	0.000709
2955	0.876979	0.001216
2956	0.858327	0.000740
2957	0.886926	0.001296
2958	0.902125	0.000724
2959	0.894020	0.000918
2960	0.989070	0.004242
2961	0.935294	0.000436
2962	0.934525	0.000250
2963	0.934603	0.000360
2964	0.933709	0.000445
2965	0.923287	0.000879
2966	0.930763	0.000946
2967	0.924710	0.000932
2968	0.919768	0.001012
2969	0.924628	0.001128
2970	0.917978	0.000946
2971	0.914568	0.000949
2972	0.910092	0.000964
2973	0.933876	0.001177
2975	0.851213	0.000602
2976	0.848855	0.000303
2978	0.855276	0.000678
2979	0.857289	0.000677
2980	0.853933	0.000691
2981	0.855204	0.000636
2982	0.865726	0.001538
2983	0.709067	0.000632
2985	0.724691	0.000324
2986	0.720545	0.000420
2989	0.864025	0.000743
2990	0.858989	0.000684
2992	0.952111	0.000755
2993	0.954409	0.001195
2994	0.951198	0.000737
2995	0.953384	0.000815
2996	0.951307	0.000779
2997	0.735355	0.000303
2998	0.739440	0.000500
3000	0.931709	0.001062
3001	0.927337	0.001099
3002	0.920257	0.000961
3003	0.922113	0.000977
3004	0.917595	0.000963
3005	0.921139	0.000927
3006	0.924400	0.001669
3007	0.916301	0.000976
3008	0.849783	0.000949
3009	0.825303	0.000520
3010	0.692439	0.000529
3011	0.685932	0.000539
3012	0.700670	0.000532
3013	0.699655	0.000543
3014	0.694564	0.000542
3015	0.715893	0.000500
3016	0.713610	0.000518
3017	0.695564	0.000521
3018	0.684237	0.000540
3019	0.688142	0.000554
3020	0.683103	0.000550
3021	0.689537	0.000532
3022	0.947835	0.000313
3023	0.948599	0.000311
3024	0.948735	0.000303
3025	0.948786	0.000557
3026	0.837281	0.000419
3027	0.816956	0.000465
3028	0.810355	0.000441
3029	0.810700	0.000484
3030	0.813775	0.000470
3031	0.812810	0.000461
3032	0.809950	0.000470
3033	0.811151	0.000470
3034	0.810748	0.000558
3035	0.898383	0.000399
3036	0.899681	0.000373
3037	0.901667	0.001190
3038	0.713477	0.000451
3039	0.713425	0.000484
3040	0.712045	0.000487
3041	0.713613	0.000472
3042	0.714140	0.000526
3043	0.712591	0.000477
3044	0.712480	0.000548
3045	0.904831	0.000383
3046	0.906108	0.000381
3047	0.905334	0.000920
3050	0.797079	0.000728
3051	0.800367	0.000705
3052	0.796106	0.000705
3053	0.793402	0.000687
3054	0.793886	0.000719
3055	0.794681	0.000714
3056	0.792335	0.000720
3057	0.824533	0.000489
3058	0.853407	0.000285
3059	0.856079	0.000546
3061	0.922888	0.000984
3062	0.919789	0.000888
3063	0.923626	0.000866
3064	0.911876	0.000852
3065	0.844014	0.000333
3066	0.843086	0.000928
3067	0.843198	0.000655
3068	0.845442	0.000541
3070	0.732162	0.000427
3071	0.783614	0.000544
3072	0.859951	0.000704
3073	0.840037	0.000774
3074	0.854632	0.000698
3075	0.718536	0.000517
3076	0.952094	0.002067
3077	0.943539	0.001411
3078	0.923949	0.000943
3079	0.910637	0.000956
3080	0.913854	0.000990
3081	0.910892	0.001014
3083	0.931394	0.000850
3084	0.930443	0.000784
3103	0.742245	0.000708
3104	0.898482	0.001170
3105	0.945270	0.000942
3106	0.854631	0.001380
3107	0.998451	0.000747
3108	0.946573	0.000966
3109	-nan	nan
3110	0.852627	0.000740
3111	0.970752	0.000969
3112	0.935090	0.001124
3113	0.877145	0.001349
3114	0.870729	0.001336
3115	-nan	nan
3116	0.856726	0.001354
3117	0.873452	0.001436
3118	0.857010	0.001551
3119	0.944856	0.001208
3120	0.930206	0.001442
3121	0.925918	0.001376
3122	0.802844	0.001832
3123	0.774650	0.000654
3124	0.636238	0.000577
3125	0.616997	0.001350
3126	0.740991	0.000465
3127	0.727264	0.000601
3128	0.736545	0.001706
3129	0.746474	0.000561
3130	0.734459	0.001233
3131	0.999523	0.002222
3132	0.908389	0.004076
3133	0.892444	0.001351
3134	0.936986	0.013328
3135	0.890437	0.001224
3136	0.888110	0.001159
3137	0.889514	0.001337
3138	0.893942	0.001243
3139	0.894010	0.001131
3140	0.902598	0.001141
3141	0.902712	0.001067
3142	0.876286	0.001295
3143	0.844797	0.001405
3144	0.925214	0.001083
3145	0.917157	0.000985
3146	0.920854	0.000994
3147	0.849560	0.001415
3148	0.880912	0.003561
3149	0.855956	0.001422
3150	0.865527	0.001336
3151	0.874109	0.001209
3152	0.863658	0.001249
3153	0.872794	0.001195
3154	0.917281	0.000989
3155	0.894629	0.001065
3156	0.888514	0.001074
3157	0.949788	0.003763
3158	0.877017	0.001173
3159	0.999754	0.001576
3160	0.874290	0.001417
3161	0.867377	0.001270
3162	0.865460	0.001212
3163	0.880722	0.001300
3204	0.616734	0.000693
3205	0.649931	0.000621
3206	0.760331	0.000627
3207	0.782055	0.000560
3210	0.961158	0.000279
3211	0.925521	0.000374
3212	0.876062	0.000801
3213	0.876207	0.000494
3214	0.848977	0.000541
3215	0.821714	0.000575
3217	0.712360	0.000629
3218	0.754520	0.000564
3219	0.793789	0.000523
3220	0.870120	0.000444
3221	0.928187	0.000341
3223	0.899047	0.000521
3224	0.910460	0.000470
3225	0.935913	0.000308
3226	0.948199	0.000463
