1565	1	263.666	708.229	26792	6704	27987	6704	684348	227	737186	6932
1571	1	245.453	655.374	8669	12637	9012	12639	205008	899	221276	13539
1572	1	250.789	670.464	22279	13849	23190	13851	538078	358	580561	14211
1573	1	79.4969	197.648	28466	2282	28825	2284	197832	44	228911	2326
1574	1	462.709	1394.18	9081	10466	9716	10466	412261	240	448131	10708
1575	1	454.528	1362.35	30789	5394	32992	5397	1375988	468	1495252	5886
1576	1	447.014	1338.86	32483	6639	34824	6639	1429343	243	1552886	6885
1577	1	460.964	1388.07	33113	3983	35560	3984	1507279	100	1637494	4084
1578	1	479.412	1420.26	1281	2376	1385	2376	59956	35	65069	2412
1579	1	124.967	299.155	35558	22614	36172	22614	407640	565	450855	23185
1580	1	111.921	266.704	15098	34310	15342	34325	152399	3010	170494	37343
1581	1	118.369	284.868	21930	7827	22261	7827	236284	596	262913	8425
1586	1	173.138	461.914	28682	24740	29452	24743	466721	975	508480	25723
1588	1	94.689	220.465	11625	12040	11801	12044	97709	327	110893	12369
1589	1	90.8612	212.146	46852	30731	47478	30737	377942	1414	430718	32154
1590	1	282.941	468.508	17956	3270	18605	3270	487143	262	525171	3533
1591	1	285.271	472.585	5393	4029	5595	4029	148590	229	159999	4267
1592	1	638.783	1142.64	13468	2854	14634	2854	843291	581	933377	3466
1593	1	572.93	1020.48	7405	1240	8049	1240	416439	247	459391	1500
1594	1	324.426	541.05	17722	4343	18522	4343	554510	154	598283	4499
1595	1	285.965	473.298	18761	4964	19529	4965	514279	286	554908	5254
1596	1	178.795	307.214	6962	963	7127	963	117153	28	127238	991
1597	1	814.769	1485.12	20251	10620	22556	10624	1611308	2348	1829955	13017
1599	1	934.813	1711.52	7215	4928	8157	4932	668981	282	762538	5237
1600	1	513.633	876.285	13392	5556	14386	5556	671652	178	736356	5735
1601	1	531.094	907.855	16288	2368	17533	2368	849103	305	929444	2680
1602	1	511.321	866.049	4405	544	4738	544	219400	51	239663	595
1603	1	1072.6	1601.51	6345	710	7328	712	676353	369	781556	1094
1604	1	1069.39	1591.48	7258	1543	8388	1545	770993	275	890983	1836
1605	1	1087.39	1620.93	3017	188	3464	188	323555	156	374021	347
1606	1	2062.69	3260.31	5262	147	6735	147	1077849	4	1379721	151
1607	1	2118.49	3336.01	5847	0	7602	0	1249291	0	1606028	0
1608	1	1945.12	3057.47	8787	3367	11084	3369	1676407	473	2130185	3913
1609	1	388.549	601.426	2778	3311	2929	3313	104987	3144	113585	6485
1610	1	441.573	664.449	457	0	483	0	18561	0	20063	0
1611	1	675.187	1014.1	5644	480	6142	481	372346	72	412557	556
1612	1	665.847	1003.12	8230	1069	8974	1069	539106	304	596983	1381
1613	1	692.793	1045.12	8301	692	9111	692	569111	12	631008	704
1614	1	659.797	986.577	3985	1423	4319	1424	252598	28	279648	1452
1615	1	723.308	1090.83	7738	16848	8495	16849	547892	1045	611320	17923
1616	1	747.664	1128.73	11990	3545	13258	3545	884249	225	986239	3773
1617	1	1887.52	2988.78	4354	7966	5415	7969	773991	454	997912	8440
1619	1	652.567	979.758	10056	6096	10926	6096	633702	441	704820	6546
1620	1	1516.47	2386.51	2962	4471	3620	4471	451391	76	547303	4547
1621	1	1342.22	2104.51	692	7154	847	7154	94544	354	113260	7565
1622	1	1051.91	1926.13	9090	7126	10311	7128	934114	943	1080535	8113
1623	1	896.805	1640.15	15202	6327	16952	6328	1305369	1278	1493504	7662
1624	2	4713.65	8883.05	5054	1323	11606	2644	2376483	125	5421969	2901
1625	2	4226.14	7975.1	2706	2434	6087	4869	1130019	293	2538263	5525
1626	2	1880.04	3203.93	2886	675	6009	1341	545655	245	1129191	1850
1627	1	1914.96	3258.48	13536	4603	17125	4604	2581911	1529	3275782	6383
1628	1	639.277	1197.35	2754	148	2993	148	173988	2	191963	151
1629	1	585.658	1099.03	5092	1069	5500	1069	290484	193	319707	1268
1630	2	2542.19	4929.96	7586	1125	16214	2248	1918813	434	4063323	3128
1631	2	2718.31	5241.45	7204	358	15424	719	1973345	302	4178190	1362
1632	2	2780.77	5303.58	4095	389	8757	780	1144734	393	2427292	1565
1633	1	1228.1	2243.29	3740	0	4323	0	453058	0	530880	0
1634	2	1978.69	5409.98	6397	424	13343	848	1265627	423	2629175	1720
1635	2	1877.98	5131.01	5702	378	11685	755	1046853	227	2174049	1212
1636	2	2063.26	5642.17	2910	296	6019	594	595867	168	1238032	949
1637	2	3151.84	8011.32	2963	4603	6488	9201	946521	368	2042524	9984
1638	17	3542.43	9016.43	1474	310	24559	5246	510051	86	8695926	6737
1639	17	3440.28	8738.39	2399	157	41512	2738	835439	296	14243250	7703
1640	3	7240.24	20487.2	2212	1045	7300	3125	1608974	562	5209795	4824
1641	1	1179.75	3227.82	4663	774	5411	775	540306	383	632644	1186
1643	1	21.163	114.137	22198	12212	22234	12213	24664	255	47017	12470
1644	1	16.3276	70.1298	29917	10812	29983	10812	18858	236	48869	11049
1645	1	16.948	75.9376	23629	6755	23679	6756	16372	160	40092	6915
1649	1	9.72027	68.5276	9861	1427	9876	1427	21971	97	31885	1524
1651	1	9.46807	68.6714	7453	1433	7470	1433	16004	93	23496	1526
1652	1	29.3929	273.73	8989	1787	9035	1788	79031	110	88419	1897
1653	1	27.9107	261.614	6852	3927	6887	3927	56839	245	63944	4173
1654	1	27.0635	250.322	6692	4077	6716	4077	53582	247	60498	4324
1655	1	28.7762	270.258	4743	590	4771	590	40755	45	45716	635
1656	1	13.484	111.351	8913	2148	8932	2148	31101	118	40106	2267
1657	1	13.6169	111.76	9766	593	9786	593	34449	37	44327	630
1658	1	9.76418	70.7342	2277	1259	2286	1259	4987	63	7276	1323
1659	1	10.1198	75.838	7798	3005	7814	3005	18490	176	26328	3182
1660	1	9.24334	67.1706	9478	1260	9494	1260	19659	77	29181	1339
1661	1	9.15328	66.3165	9133	1577	9148	1578	18688	98	27861	1676
1662	1	9.21768	66.2814	9960	722	9981	722	20436	52	30456	774
1663	1	10.6877	67.6205	7361	3339	7376	3339	15243	178	22633	3518
1664	1	9.12648	65.9327	9745	1058	9765	1058	19848	60	29638	1119
1665	1	26.9579	250.632	8513	2288	8551	2290	67936	153	76770	2442
1666	1	27.1388	252.571	9295	1399	9332	1399	74625	82	84210	1481
1667	1	26.2305	244.404	9431	1364	9468	1364	72834	92	82604	1456
1668	1	25.1485	233.799	8943	1838	8989	1838	65935	119	75178	1958
1669	1	24.2076	224.003	3096	2907	3107	2908	21849	251	25030	3161
1670	1	25.3788	236.12	9084	1629	9132	1629	67788	121	77187	1750
1671	1	13.376	110.848	9395	1763	9412	1765	32402	105	41883	1869
1672	1	13.3687	111.695	10061	756	10076	757	34648	46	44815	803
1673	1	13.4548	111.496	9872	935	9881	935	34285	57	44250	992
1674	1	8.3629	57.6557	9080	1754	9089	1754	16161	98	25277	1852
1675	1	8.23187	56.117	7071	3756	7086	3757	12294	249	19384	4005
1676	1	8.43773	58.2067	9891	930	9904	930	17696	52	27629	982
1677	1	8.42033	58.4871	8298	2368	8307	2368	14930	159	23258	2528
1678	1	13.2104	108.992	10017	782	10035	782	34034	45	44137	827
1679	1	27.0026	245.158	8983	1651	9020	1652	69545	114	78829	1765
1683	1	26.0906	243.214	7897	841	7940	841	60674	75	68872	916
1684	1	26.5997	250.359	9429	1258	9467	1258	74118	81	83881	1340
1685	1	26.7235	250.914	10303	367	10346	367	81368	22	92027	389
1686	1	8.89316	64.4623	9668	1182	9690	1182	18946	73	28671	1256
1687	1	8.9475	63.7356	9912	1738	9933	1738	19599	108	29550	1846
1688	1	8.90528	63.996	8948	1639	8960	1639	17549	100	26530	1739
1689	1	9.03634	64.4774	8180	2755	8192	2755	16419	146	24641	2901
1690	1	8.6598	61.9568	8750	2062	8768	2062	16400	128	25191	2192
1691	1	8.75603	62.4296	9069	1734	9089	1734	17353	115	26455	1849
1692	1	8.68456	61.6006	9006	1789	9022	1789	17002	101	26049	1890
1693	1	13.0816	106.476	8158	2655	8178	2655	27001	186	35240	2841
1694	1	25.9179	241.343	8572	2186	8616	2187	65487	138	74364	2325
1695	1	26.0849	244.905	6231	908	6269	909	48029	64	54479	972
1696	1	26.0232	242.373	8331	2453	8380	2453	63504	149	72136	2602
1697	1	26.0674	241.925	7131	3680	7165	3680	54431	259	61810	3939
1698	1	25.6425	233.527	7283	3503	7310	3505	54218	208	61722	3712
1699	1	21.4236	196.377	7308	3814	7337	3814	44857	217	52351	4031
1700	1	21.6152	194.51	5708	4738	5729	4738	35214	448	41053	5188
1701	1	23.9067	221.39	3650	1110	3669	1110	25466	62	29243	1172
1702	1	13.2156	109.687	9563	1689	9577	1689	32453	107	42092	1796
1703	1	12.5109	103.267	7797	2973	7812	2973	24629	186	32482	3160
1704	1	8.85308	63.1378	6554	4468	6562	4470	12732	283	19312	4753
1705	1	8.7437	62.1384	7923	2991	7938	2991	15117	186	23075	3177
1706	1	8.81095	62.7883	8584	2007	8599	2007	16547	114	25178	2121
1707	1	8.5627	60.4097	8452	2020	8466	2021	15579	128	24069	2148
1708	1	9.08161	65.2173	3941	3850	3947	3852	7957	239	11916	4091
1709	1	8.92239	64.0152	10985	607	11008	607	21613	57	32654	665
1710	1	8.71437	62.2341	8477	2035	8494	2035	16101	118	24613	2156
1711	1	9.01288	64.8505	9282	1746	9305	1746	18588	104	27916	1850
1712	1	8.76246	62.3822	8332	2359	8344	2359	15905	144	24281	2503
1713	1	9.32098	67.8138	1327	467	1332	467	2792	32	4124	499
1733	1	8.95533	59.7733	7680	3062	7695	3063	15179	208	22895	3270
1734	1	14.1925	111.707	4972	427	4981	428	18479	29	23496	456
1735	1	25.9131	225.357	10166	855	10223	856	77701	53	88224	908
1736	1	26.1884	226.491	9060	1731	9105	1734	69587	125	78938	1859
1737	1	8.72135	58.9931	9550	1631	9567	1631	18159	108	27747	1740
1738	1	8.79596	59.1907	10386	926	10410	926	20034	59	30469	985
1739	1	9.20367	60.0192	10302	436	10321	436	20360	28	30711	464
1740	1	8.912	59.748	10011	653	10032	653	19629	35	29683	688
1741	1	14.1053	110.705	10520	1366	10543	1366	38873	88	49503	1455
1742	1	25.7342	221.327	9786	1423	9835	1423	74093	110	84249	1533
1743	1	25.6894	221.092	9209	1298	9258	1298	69669	86	79187	1385
1746	1	8.95053	58.974	9936	918	9956	918	19632	65	29610	983
1747	1	8.91091	58.9869	9162	1277	9174	1277	17977	83	27171	1360
1756	1	10.0539	70.3496	8253	3024	8267	3025	19324	196	27631	3221
1757	1	10.0946	70.7056	8957	1958	8974	1958	21118	136	30133	2094
1758	1	9.98707	67.6022	5775	5212	5788	5213	13248	383	19058	5598
1759	1	10.3119	72.646	10016	851	10044	852	24348	50	34426	901
1760	1	10.411	73.2082	3308	683	3314	685	8137	51	11471	734
1761	1	9.8545	68.6679	9437	2307	9461	2309	21480	174	30970	2483
1762	1	21.7705	192.754	10312	373	10354	373	64500	30	75074	403
1763	1	21.4583	190.304	9325	1097	9365	1097	57110	70	66652	1167
1764	1	27.4537	266.609	9930	1029	9964	1030	80710	93	90997	1122
1765	1	92.973	956.73	9975	628	10108	628	298923	89	312805	717
1766	1	91.8504	945.706	9315	1139	9464	1140	276442	119	289440	1258
1767	1	25.6843	233.305	8485	1866	8528	1866	64007	134	72782	2000
1768	1	21.3023	187.926	9082	1421	9114	1421	55261	99	64530	1521
1769	1	27.9387	270.83	8754	1795	8780	1795	72605	114	81684	1909
1770	1	89.2656	917.368	8613	1791	8730	1791	246918	169	258667	1960
1771	1	82.3693	843.378	7713	2665	7818	2667	204248	263	214429	2929
1772	1	18.7179	164.219	7404	4129	7424	4132	38640	314	46169	4444
1773	1	21.0046	186.13	7805	3130	7834	3131	46784	218	54767	3348
1774	1	27.651	267.319	10101	542	10147	542	82759	47	93232	589
1775	1	93.9286	960.837	7567	3023	7684	3023	229642	200	240267	3224
1776	1	91.2239	931.814	9673	1271	9813	1272	282719	151	296100	1423
1777	1	89.5708	917.698	7401	2767	7495	2768	213060	228	223285	2998
1778	1	91.7427	945.363	6872	3744	6957	3744	203153	302	212762	4047
1779	1	91.5316	939.029	8321	3072	8433	3072	245457	214	257056	3289
1780	1	27.5278	267.717	8448	1880	8479	1881	68978	141	77742	2022
1781	1	27.8376	269.858	9971	668	10014	668	82381	51	92748	719
1782	1	27.3346	264.637	10368	1329	10410	1331	84012	96	94781	1425
1783	1	21.755	193.146	6782	4051	6809	4053	42320	272	49268	4327
1784	1	22.8282	204.49	6500	2564	6526	2566	42786	169	49468	2733
1785	1	22.1204	197.13	8305	2497	8337	2498	52870	191	61372	2690
1786	1	23.0719	207.398	5263	2490	5293	2493	35226	190	40635	2681
1787	1	22.7421	203.145	8735	1986	8776	1986	57533	164	66492	2151
1788	1	22.4563	200.497	8999	3633	9040	3634	58299	267	67528	3900
1789	1	93.3648	956.981	2065	4896	2086	4897	61835	329	64728	5225
1790	1	99.3973	1024.47	8477	2223	8609	2223	272463	185	284793	2408
1791	1	92.9858	958.442	5271	2367	5345	2367	157945	256	165313	2624
1792	1	89.7191	921.176	7719	2696	7828	2698	222624	242	233295	2938
1793	1	90.8488	936.037	7706	2830	7821	2831	225719	202	236443	3033
1794	1	90.2426	931.334	6646	3638	6749	3639	193445	320	202701	3958
1795	1	95.9324	991.24	10155	699	10316	699	315017	68	329520	767
1796	1	96.454	1003.51	7946	2594	8055	2594	247075	196	258465	2791
1797	1	93.0134	941.988	3351	1571	3405	1571	98121	117	102792	1688
1798	1	28.0588	275.34	2296	180	2301	180	19094	15	21494	195
1799	1	20.2798	183.073	4622	4354	4640	4355	26575	272	31307	4626
1800	1	20.8973	186.779	9057	1807	9098	1807	53998	137	63265	1946
1801	1	21.4938	192.563	10008	543	10044	544	61429	41	71681	585
1802	1	22.9689	202.711	11621	2922	11668	2922	74064	206	85956	3128
1803	1	137.03	1706.66	8038	562	8193	562	359326	45	374228	607
1804	1	327.414	4112.96	7795	3496	8156	3497	842024	312	888003	3810
1805	1	334.788	4216.28	1919	7482	1998	7489	210544	445	222229	7927
1806	1	328.424	4131.22	7246	3345	7611	3347	789322	391	832369	3741
1807	1	310.368	3902.29	7797	3018	8108	3021	794180	240	836885	3260
1808	1	309.436	3901.01	8977	1940	9342	1940	914813	221	962247	2164
1809	1	59.4401	728.211	16162	4090	16311	4091	303908	284	322780	4377
1810	1	51.6483	594.727	8007	2717	8072	2718	129772	187	138806	2904
1811	1	53.4407	612.971	9409	1128	9482	1128	156379	84	167087	1212
1812	1	53.857	610.818	10081	1085	10167	1085	170385	88	181856	1173
1813	1	52.63	594.104	7807	2746	7857	2746	128289	203	137118	2949
1814	1	58.6681	703.906	6377	4064	6427	4065	118130	292	125534	4357
1815	1	254.805	3130.98	6048	2375	6242	2375	503504	227	526937	2606
1820	1	337.807	4120.75	703	125	742	125	78672	8	82927	133
1821	1	340.581	4206.52	7805	1947	8190	1947	878893	243	927263	2198
1822	1	330.411	4079.25	5966	4785	6222	4787	643050	400	680198	5191
1823	1	62.6824	716.21	8545	2126	8630	2127	169219	161	179571	2287
1824	1	71.4886	820.971	9998	1687	10092	1688	227518	129	239979	1817
1825	1	69.2734	793.832	8279	2211	8357	2214	182367	178	192522	2391
1826	1	60.1113	682.375	8472	4275	8547	4277	160318	350	170442	4626
1827	1	59.0121	670.972	7676	5285	7757	5286	143007	396	152053	5682
1828	1	63.298	765.017	9927	761	10004	761	199162	73	210896	834
1829	1	364.331	4495.53	2588	2926	2736	2930	312955	279	331577	3205
1830	1	315.526	3899.72	10083	2202	10486	2204	1046300	279	1101253	2483
1831	1	292.728	3608.97	10313	3086	10747	3089	995545	315	1046689	3404
1832	1	56.2337	672.455	10069	892	10169	892	178692	105	190279	997
1833	1	62.033	707.353	10261	1523	10348	1523	201665	113	213838	1636
1834	1	59.6282	677.935	9555	1291	9653	1291	180334	108	191560	1399
1835	1	283.306	3485.48	7108	3471	7347	3473	660074	395	692920	3870
1836	1	395.143	4883.55	8508	1862	8960	1862	1111365	273	1178730	2143
1837	1	79.7273	913.357	7782	3032	7880	3035	198728	255	208893	3289
1838	1	65.0931	743.439	3366	2242	3393	2242	69294	199	73348	2441
1839	1	79.7144	916.121	9870	786	9984	787	251991	57	264902	843
1840	1	80.4317	922.99	9629	1115	9727	1116	248006	100	260489	1216
1841	1	63.0089	756.967	9454	1332	9517	1332	188669	91	199830	1427
1842	1	64.3348	765.564	9886	599	9977	599	199626	62	211473	662
1844	1	58.9259	672.144	8579	1948	8667	1948	160062	164	170085	2112
1845	1	63.2064	719.429	8760	2052	8842	2052	175636	206	186138	2259
1846	1	81.5541	936.888	10201	1392	10299	1392	266100	119	279517	1511
1847	1	52.1985	588.886	8184	2219	8248	2219	133148	265	142512	2485
1848	1	113.635	1634.57	9930	777	10086	777	365583	40	381343	818
1849	1	613.472	8944.89	7636	2622	8259	2622	1535734	578	1676186	3237
1850	1	658.35	9601.57	10643	844	11621	844	2335883	256	2551961	1106
1851	1	165.637	2292.43	9921	1065	10175	1065	537955	164	560379	1231
1852	1	155.315	2145.48	8571	1265	8740	1265	433941	255	451962	1522
1853	1	100.836	1442.77	10045	947	10165	947	326312	183	340952	1131
1854	1	514.802	7493.39	5864	4746	6264	4748	995373	1144	1073672	5931
1855	1	560.148	8163.6	5525	852	5941	852	1026706	349	1109146	1218
1856	1	769.114	11147.9	7880	2195	8612	2195	1982310	428	2195793	2642
1857	1	111.915	1602.87	8715	1788	8859	1789	316401	161	330115	1950
1858	1	191.039	2650.19	8747	1694	8975	1694	547344	125	570662	1820
1859	1	196.272	2724.73	8481	1619	8738	1619	547752	138	571036	1759
1860	1	195.905	2708.75	12956	3511	13259	3514	829193	286	864292	3800
1861	1	297.609	4282.66	6147	1840	6394	1840	602056	135	632311	1975
2038	5	0	0	0	357	0	1798	0	1234665	0	6258029
2040	17	42484.5	265154	80	74	1674	1248	1396345	7105	23750730	122079
2041	9	20992.7	132323	174	63	1687	596	1308402	24212	11809099	218827
2042	65	70383.4	635977	35	9	3177	641	1739758	3630	113138467	236685
2043	65	0	988441	30	13	2245	712	1998218	4224	129937289	275510
2044	129	28951	727535	20	2	2693	483	1470185	5373	189718848	693465
2045	1	0	0	0	1842	0	2220	0	1022924	0	1340268
2046	2	4713.02	27753.3	569	64	1236	128	858661	16787	1941348	36081
2047	5	9472.42	55941.9	312	18	1508	80	943637	2690	4763251	13622
2048	9	23374.4	137377	118	8	1044	69	898877	0	8129877	72
2049	17	47428.8	274351	51	0	968	0	899653	0	15306106	0
2050	33	55179.8	317145	77	1	2491	82	1368655	1	45184518	134
2051	3	0	0	0	437	0	1309	0	694055	0	2141617
2052	17	47514.5	279300	72	9	1036	129	966105	4735	16437769	80697
2053	65	94262.5	537832	24	1	1915	114	911191	1	59249348	206
2054	65	73409.2	641078	22	2	1390	73	810980	955	52734617	62280
2055	3	5857.79	33817.2	232	4	720	14	449768	1193	1408666	3710
2056	9	21872.1	125109	58	259	591	2295	474942	711	4293112	8754
2059	1	289.22	739.376	1318	288	1382	288	124951	19	131244	307
2060	1	524.5	1493.23	2262	62	2471	62	398899	6	429269	68
2061	1	576.093	1632.56	115	121	127	121	21780	6	23547	127
2063	1	346.199	939.143	1218	1080	1309	1080	143108	84	151219	1165
2073	1	555.597	1616.41	789	71	865	71	148282	2	160203	73
2074	1	482.728	1372.11	1285	15	1395	15	209844	2	224875	17
2075	1	305.005	790.877	1612	114	1698	114	163837	5	172307	119
2076	1	271.087	692.629	2405	103	2499	103	215369	10	225799	113
2078	1	43.2351	95.9061	5066	1271	5116	1271	67938	181	73491	1452
2080	1	43.0774	95.6387	6457	231	6498	231	86262	65	93298	297
2081	1	81.6115	187.316	3704	777	3752	778	97358	179	102212	956
2082	1	140.014	329.384	669	1373	683	1375	30324	99	31596	1473
2083	1	143.746	337.78	2135	77	2176	77	98052	2	102154	79
2084	1	174.526	423.376	1795	795	1851	795	103055	120	107446	916
2085	1	211.876	524.547	1633	200	1708	200	115320	38	120364	238
2087	1	367.046	1006.46	1081	521	1139	521	131238	33	139195	554
2088	1	298.47	796.606	1439	575	1513	575	142750	63	150184	641
2089	1	246.738	643.553	1715	514	1775	514	138110	48	144538	562
2090	1	144.953	367.85	2326	519	2376	519	110281	194	114878	715
2091	1	76.9915	188.566	4060	717	4107	720	99935	488	105152	1208
2093	1	124.78	295.755	1673	1341	1710	1341	67706	122	70643	1463
2094	1	115.864	272.562	2026	79	2059	79	75877	3	79089	82
2095	1	80.9907	189.6	5169	1525	5234	1525	134479	137	141238	1665
2096	1	60.8834	151.695	2225	230	2254	230	43065	18	45703	248
