1565	74055	0.964959	0.000218	0.995990	0.000323	0.961089	0.000380
1571	68618	0.965816	0.000394	0.996283	0.000300	0.962226	0.000488
1572	70192	0.965386	0.000245	0.996198	0.000307	0.961716	0.000384
1573	19926	0.988735	0.000236	0.998918	0.000088	0.987665	0.000251
1574	98876	0.940344	0.000358	0.994653	0.000431	0.935316	0.000539
1575	96970	0.941001	0.000195	0.994755	0.000422	0.936066	0.000442
1576	95831	0.941558	0.000190	0.994817	0.000418	0.936677	0.000436
1577	99048	0.940912	0.000186	0.994644	0.000431	0.935872	0.000446
1578	101016	0.941461	0.000930	0.994538	0.000440	0.936319	0.001014
1579	25021	0.983016	0.000201	0.998641	0.000110	0.981680	0.000228
1580	21263	0.982256	0.000335	0.998845	0.000093	0.981122	0.000347
1581	22921	0.981849	0.000272	0.998755	0.000101	0.980627	0.000289
1586	35514	0.974308	0.000229	0.998073	0.000156	0.972431	0.000274
1588	18548	0.986043	0.000373	0.998993	0.000082	0.985050	0.000381
1589	17927	0.986176	0.000189	0.999026	0.000079	0.985215	0.000204
1590	22850	0.961658	0.000270	0.998759	0.000100	0.960464	0.000286
1591	23079	0.962346	0.000484	0.998747	0.000101	0.961140	0.000494
1592	51072	0.917875	0.000286	0.997231	0.000224	0.915333	0.000352
1593	46005	0.922668	0.000398	0.997505	0.000202	0.920366	0.000438
1594	24896	0.956446	0.000268	0.998648	0.000109	0.955153	0.000287
1595	22628	0.960589	0.000266	0.998771	0.000099	0.959408	0.000282
1596	18045	0.975373	0.000447	0.999020	0.000079	0.974417	0.000453
1597	66429	0.891507	0.000231	0.996401	0.000290	0.888298	0.000347
1599	76763	0.886795	0.000365	0.995844	0.000335	0.883109	0.000469
1600	55943	0.930305	0.000300	0.996968	0.000245	0.927484	0.000376
1601	58184	0.931125	0.000265	0.996847	0.000255	0.928189	0.000355
1602	55623	0.933915	0.000513	0.996985	0.000243	0.931099	0.000559
1603	59484	0.873584	0.000378	0.996776	0.000260	0.870768	0.000440
1604	59370	0.873552	0.000354	0.996782	0.000260	0.870742	0.000419
1605	60553	0.873159	0.000547	0.996719	0.000265	0.870293	0.000592
1606	80996	0.785040	0.000351	0.995616	0.000354	0.781598	0.000446
1607	82955	0.781576	0.000327	0.995510	0.000362	0.778066	0.000431
1608	76045	0.791093	0.000279	0.995882	0.000332	0.787836	0.000383
1609	18805	0.948769	0.000663	0.998979	0.000083	0.947800	0.000667
1610	20303	0.947957	0.001587	0.998897	0.000089	0.946912	0.001588
1611	25813	0.916172	0.000435	0.998599	0.000113	0.914888	0.000446
1612	25683	0.916833	0.000360	0.998606	0.000113	0.915554	0.000374
1613	26798	0.915121	0.000353	0.998545	0.000118	0.913790	0.000369
1614	25032	0.917441	0.000525	0.998641	0.000110	0.916194	0.000533
1615	26379	0.908874	0.000371	0.998568	0.000116	0.907572	0.000385
1616	27385	0.908804	0.000292	0.998513	0.000120	0.907453	0.000311
1617	73746	0.779842	0.000416	0.996006	0.000322	0.776728	0.000484
1619	25088	0.913255	0.000338	0.998638	0.000110	0.912011	0.000352
1620	56004	0.830247	0.000509	0.996964	0.000245	0.827726	0.000547
1621	49197	0.841042	0.001091	0.997332	0.000215	0.838798	0.001103
1622	27247	0.872821	0.000322	0.998521	0.000120	0.871530	0.000338
1623	23312	0.884066	0.000263	0.998734	0.000102	0.882947	0.000278
1624	121028	0.878493	0.000427	0.993463	0.000526	0.872750	0.000627
1625	109013	0.892528	0.000625	0.994108	0.000474	0.887269	0.000752
1626	70191	0.971623	0.000943	0.996198	0.000307	0.967930	0.000986
1627	71882	0.792324	0.000225	0.996107	0.000314	0.789239	0.000335
1628	20922	0.920718	0.000622	0.998864	0.000092	0.919671	0.000627
1629	19077	0.924499	0.000471	0.998964	0.000084	0.923541	0.000477
1630	62805	0.948239	0.000496	0.996597	0.000275	0.945012	0.000559
1631	66946	0.948093	0.000489	0.996373	0.000293	0.944655	0.000561
1632	67862	0.946634	0.000642	0.996324	0.000297	0.943154	0.000699
1633	30029	0.860416	0.000478	0.998370	0.000132	0.859013	0.000490
1634	29543	0.967667	0.000618	0.998396	0.000130	0.966115	0.000630
1635	28070	0.968249	0.000680	0.998476	0.000123	0.966773	0.000689
1636	30894	0.967306	0.000900	0.998323	0.000136	0.965684	0.000908
1637	68079	0.929768	0.000699	0.996312	0.000298	0.926340	0.000749
1638	77230	0.999942	0.001358	0.995819	0.000337	0.995761	0.001394
1639	74898	1.000051	0.001061	0.995944	0.000327	0.995995	0.001107
1640	105179	0.927809	0.000608	0.994314	0.000458	0.922534	0.000739
1641	21879	0.861412	0.000436	0.998812	0.000096	0.860388	0.000444
1643	2451	0.995198	0.000439	0.999867	0.000011	0.995066	0.000439
1644	5657	0.998517	0.000280	0.999692	0.000025	0.998210	0.000281
1645	6330	0.997502	0.000390	0.999656	0.000028	0.997159	0.000390
1649	6230	0.998273	0.000280	0.999661	0.000027	0.997935	0.000281
1651	6210	0.998627	0.000292	0.999662	0.000027	0.998290	0.000294
1652	10101	0.995553	0.000236	0.999451	0.000044	0.995007	0.000240
1653	9605	0.996179	0.000258	0.999478	0.000042	0.995659	0.000262
1654	9268	0.996281	0.000262	0.999496	0.000041	0.995779	0.000265
1655	10069	0.995360	0.000336	0.999453	0.000044	0.994815	0.000339
1656	2607	0.997658	0.000274	0.999858	0.000011	0.997517	0.000274
1657	2630	0.997337	0.000277	0.999857	0.000012	0.997194	0.000278
1658	6235	0.999399	0.000347	0.999661	0.000027	0.999060	0.000348
1659	6870	0.998704	0.000264	0.999627	0.000030	0.998331	0.000266
1660	6147	0.998578	0.000269	0.999666	0.000027	0.998244	0.000270
1661	6051	0.998664	0.000267	0.999671	0.000027	0.998336	0.000268
1662	6111	0.998095	0.000305	0.999668	0.000027	0.997764	0.000306
1663	5992	0.999082	0.000245	0.999674	0.000026	0.998757	0.000246
1664	5986	0.998742	0.000251	0.999675	0.000026	0.998417	0.000253
1665	9322	0.995852	0.000246	0.999493	0.000041	0.995347	0.000249
1666	9384	0.996621	0.000212	0.999490	0.000041	0.996113	0.000216
1667	9225	0.995871	0.000237	0.999499	0.000041	0.995372	0.000240
1668	8736	0.996163	0.000240	0.999525	0.000038	0.995690	0.000243
1669	8284	0.996625	0.000392	0.999550	0.000036	0.996176	0.000393
1670	8798	0.996077	0.000240	0.999522	0.000039	0.995600	0.000243
1671	2584	0.997875	0.000256	0.999860	0.000011	0.997735	0.000256
1672	2582	0.997380	0.000274	0.999860	0.000011	0.997240	0.000274
1673	2590	0.997556	0.000266	0.999859	0.000011	0.997415	0.000267
1674	5202	0.998332	0.000321	0.999717	0.000023	0.998050	0.000321
1675	5012	0.999675	0.000163	0.999728	0.000022	0.999402	0.000164
1676	5319	0.998364	0.000304	0.999711	0.000023	0.998075	0.000304
1677	5270	0.998595	0.000306	0.999714	0.000023	0.998309	0.000307
1678	2511	0.998006	0.000242	0.999863	0.000011	0.997870	0.000242
1679	9083	0.996218	0.000232	0.999506	0.000040	0.995727	0.000236
1683	9102	0.995766	0.000263	0.999505	0.000040	0.995273	0.000266
1684	9357	0.996022	0.000231	0.999492	0.000041	0.995516	0.000234
1685	9484	0.996168	0.000216	0.999485	0.000042	0.995655	0.000220
1686	5872	0.998156	0.000311	0.999681	0.000026	0.997838	0.000312
1687	5838	0.999082	0.000216	0.999683	0.000026	0.998765	0.000218
1688	5859	0.998805	0.000261	0.999682	0.000026	0.998487	0.000262
1689	5826	0.998176	0.000333	0.999683	0.000026	0.997860	0.000334
1690	5638	0.998600	0.000292	0.999694	0.000025	0.998294	0.000293
1691	5645	0.999251	0.000208	0.999693	0.000025	0.998945	0.000209
1692	5556	0.998532	0.000293	0.999698	0.000024	0.998230	0.000294
1693	2435	0.997746	0.000288	0.999868	0.000011	0.997614	0.000288
1694	8910	0.996030	0.000245	0.999516	0.000039	0.995548	0.000248
1695	9117	0.996246	0.000279	0.999505	0.000040	0.995752	0.000281
1696	9014	0.996047	0.000248	0.999510	0.000040	0.995560	0.000251
1697	8936	0.996084	0.000267	0.999514	0.000039	0.995600	0.000270
1698	8589	0.996435	0.000256	0.999533	0.000038	0.995970	0.000258
1699	7288	0.996512	0.000278	0.999604	0.000032	0.996117	0.000280
1700	7131	0.996886	0.000296	0.999612	0.000031	0.996500	0.000298
1701	8066	0.995777	0.000406	0.999562	0.000035	0.995340	0.000407
1702	2534	0.998093	0.000242	0.999862	0.000011	0.997956	0.000242
1703	2355	0.998338	0.000259	0.999872	0.000010	0.998210	0.000260
1704	5531	0.998588	0.000333	0.999699	0.000024	0.998288	0.000333
1705	5549	0.998679	0.000295	0.999698	0.000024	0.998378	0.000296
1706	5675	0.998070	0.000341	0.999692	0.000025	0.997762	0.000342
1707	5429	0.998462	0.000314	0.999705	0.000024	0.998167	0.000315
1708	5920	0.998494	0.000434	0.999678	0.000026	0.998173	0.000435
1709	5779	0.998475	0.000265	0.999686	0.000025	0.998162	0.000266
1710	5612	0.998883	0.000263	0.999695	0.000025	0.998579	0.000264
1711	5909	0.998764	0.000258	0.999679	0.000026	0.998443	0.000259
1712	5613	0.997992	0.000355	0.999695	0.000025	0.997688	0.000355
1713	6067	1.000000	0.000000	0.999670	0.000027	0.999670	0.000027
1733	5264	0.998618	0.000301	0.999714	0.000023	0.998333	0.000302
1734	2506	0.998056	0.000324	0.999864	0.000011	0.997920	0.000324
1735	8373	0.996154	0.000222	0.999545	0.000037	0.995701	0.000225
1736	8435	0.996477	0.000224	0.999542	0.000037	0.996020	0.000227
1737	5305	0.998845	0.000252	0.999712	0.000023	0.998557	0.000253
1738	5403	0.998754	0.000249	0.999706	0.000024	0.998460	0.000250
1739	5392	0.998529	0.000268	0.999707	0.000024	0.998236	0.000269
1740	5429	0.998880	0.000239	0.999705	0.000024	0.998586	0.000240
1741	2550	0.997767	0.000239	0.999861	0.000011	0.997629	0.000239
1742	8238	0.995686	0.000240	0.999552	0.000036	0.995241	0.000243
1743	8284	0.996282	0.000230	0.999550	0.000036	0.995833	0.000233
1746	5370	0.998881	0.000239	0.999708	0.000024	0.998589	0.000240
1747	5337	0.998889	0.000248	0.999710	0.000023	0.998599	0.000249
1756	6251	0.997934	0.000326	0.999660	0.000028	0.997595	0.000327
1757	6341	0.998062	0.000302	0.999655	0.000028	0.997718	0.000304
1758	5993	0.998342	0.000353	0.999674	0.000026	0.998017	0.000354
1759	6539	0.998606	0.000239	0.999645	0.000029	0.998251	0.000241
1760	6662	0.997548	0.000548	0.999638	0.000029	0.997187	0.000548
1761	6103	0.998652	0.000250	0.999668	0.000027	0.998321	0.000252
1762	6909	0.996601	0.000229	0.999624	0.000030	0.996226	0.000231
1763	6734	0.996910	0.000232	0.999634	0.000030	0.996545	0.000234
1764	2766	0.996014	0.000221	0.999850	0.000012	0.995864	0.000222
1765	11165	0.987532	0.000202	0.999393	0.000049	0.986933	0.000207
1766	11078	0.987377	0.000211	0.999398	0.000049	0.986783	0.000216
1767	8192	0.996156	0.000244	0.999555	0.000036	0.995712	0.000247
1768	6687	0.997203	0.000224	0.999637	0.000029	0.996841	0.000226
1769	2825	0.995899	0.000237	0.999846	0.000012	0.995746	0.000237
1770	10686	0.987921	0.000219	0.999419	0.000047	0.987347	0.000223
1771	9893	0.988563	0.000234	0.999462	0.000044	0.988032	0.000238
1772	5751	0.997290	0.000264	0.999687	0.000025	0.996978	0.000265
1773	6526	0.996825	0.000260	0.999645	0.000029	0.996472	0.000261
1774	2796	0.996076	0.000217	0.999848	0.000012	0.995925	0.000217
1775	11196	0.987355	0.000232	0.999392	0.000049	0.986754	0.000237
1776	11010	0.987537	0.000207	0.999402	0.000048	0.986946	0.000213
1777	10758	0.987349	0.000241	0.999415	0.000047	0.986772	0.000245
1778	11055	0.987114	0.000249	0.999399	0.000049	0.986521	0.000253
1779	10957	0.987266	0.000225	0.999405	0.000048	0.986678	0.000230
1780	2815	0.995885	0.000243	0.999847	0.000012	0.995733	0.000244
1781	2783	0.995733	0.000227	0.999849	0.000012	0.995583	0.000227
1782	2746	0.995745	0.000224	0.999851	0.000012	0.995596	0.000224
1783	6628	0.996726	0.000277	0.999640	0.000029	0.996367	0.000279
1784	7183	0.996367	0.000290	0.999610	0.000032	0.995978	0.000292
1785	6810	0.996889	0.000242	0.999630	0.000030	0.996520	0.000244
1786	7260	0.996718	0.000304	0.999605	0.000032	0.996325	0.000306
1787	7185	0.996829	0.000234	0.999610	0.000032	0.996440	0.000236
1788	6984	0.996769	0.000235	0.999620	0.000031	0.996390	0.000237
1789	10908	0.987117	0.000451	0.999407	0.000048	0.986532	0.000453
1790	11853	0.986527	0.000219	0.999356	0.000052	0.985892	0.000225
1791	11148	0.987354	0.000279	0.999394	0.000049	0.986756	0.000283
1792	10713	0.987391	0.000235	0.999418	0.000047	0.986816	0.000239
1793	10896	0.987302	0.000234	0.999408	0.000048	0.986718	0.000239
1794	10710	0.987206	0.000254	0.999418	0.000047	0.986632	0.000258
1795	11651	0.986883	0.000201	0.999367	0.000051	0.986258	0.000208
1796	11678	0.986682	0.000229	0.999365	0.000051	0.986056	0.000234
1797	11002	0.987262	0.000356	0.999402	0.000048	0.986672	0.000359
1798	2904	0.994842	0.000517	0.999842	0.000013	0.994685	0.000517
1799	6397	0.996550	0.000359	0.999652	0.000028	0.996204	0.000360
1800	6525	0.996880	0.000240	0.999645	0.000029	0.996526	0.000241
1801	6874	0.996625	0.000234	0.999626	0.000030	0.996253	0.000235
1802	7106	0.996985	0.000201	0.999614	0.000031	0.996600	0.000203
1803	5988	0.981671	0.000222	0.999675	0.000026	0.981352	0.000223
1804	15331	0.957012	0.000216	0.999167	0.000067	0.956215	0.000225
1805	15774	0.956014	0.000437	0.999143	0.000069	0.955195	0.000442
1806	15291	0.957035	0.000223	0.999169	0.000067	0.956240	0.000232
1807	14510	0.958255	0.000220	0.999212	0.000064	0.957500	0.000228
1808	14531	0.960025	0.000201	0.999211	0.000064	0.959267	0.000210
1809	3265	0.991644	0.000164	0.999822	0.000014	0.991468	0.000165
1810	5764	0.992642	0.000236	0.999687	0.000025	0.992331	0.000238
1811	6044	0.992221	0.000221	0.999671	0.000027	0.991895	0.000223
1812	6045	0.992405	0.000210	0.999671	0.000027	0.992079	0.000211
1813	5815	0.992480	0.000240	0.999684	0.000026	0.992167	0.000242
1814	3129	0.991797	0.000261	0.999830	0.000014	0.991629	0.000262
1815	11622	0.966985	0.000248	0.999368	0.000051	0.966374	0.000252
1820	15287	0.957255	0.000706	0.999170	0.000067	0.956460	0.000708
1821	15571	0.956282	0.000213	0.999154	0.000068	0.955473	0.000223
1822	15154	0.954114	0.000255	0.999177	0.000067	0.953329	0.000262
1823	6912	0.989926	0.000242	0.999624	0.000030	0.989554	0.000243
1824	8011	0.989695	0.000211	0.999565	0.000035	0.989264	0.000213
1825	7744	0.990237	0.000229	0.999579	0.000034	0.989820	0.000231
1826	6648	0.990259	0.000244	0.999639	0.000029	0.989901	0.000246
1827	6517	0.991067	0.000248	0.999646	0.000029	0.990716	0.000249
1828	3401	0.991388	0.000206	0.999815	0.000015	0.991205	0.000207
1829	16683	0.951691	0.000374	0.999094	0.000073	0.950828	0.000380
1830	14678	0.959233	0.000189	0.999203	0.000065	0.958468	0.000199
1831	13569	0.961005	0.000190	0.999263	0.000060	0.960296	0.000199
1832	3065	0.992127	0.000208	0.999833	0.000013	0.991962	0.000209
1833	6956	0.991032	0.000209	0.999622	0.000031	0.990657	0.000211
1834	6732	0.991353	0.000217	0.999634	0.000030	0.990990	0.000219
1835	13078	0.962806	0.000229	0.999289	0.000057	0.962122	0.000235
1836	18226	0.950071	0.000201	0.999010	0.000080	0.949131	0.000215
1837	8874	0.988633	0.000236	0.999518	0.000039	0.988156	0.000239
1838	7327	0.990551	0.000366	0.999602	0.000032	0.990157	0.000367
1839	8913	0.988518	0.000211	0.999516	0.000039	0.988039	0.000214
1840	9123	0.989009	0.000208	0.999504	0.000040	0.988519	0.000212
1841	3426	0.991362	0.000212	0.999814	0.000015	0.991177	0.000213
1842	3445	0.990719	0.000214	0.999813	0.000015	0.990534	0.000214
1844	6590	0.991599	0.000227	0.999642	0.000029	0.991244	0.000229
1845	7123	0.990637	0.000229	0.999613	0.000031	0.990254	0.000231
1846	9133	0.988418	0.000206	0.999504	0.000040	0.987928	0.000210
1847	5961	0.991688	0.000248	0.999676	0.000026	0.991367	0.000249
1848	4429	0.984717	0.000201	0.999759	0.000019	0.984480	0.000202
1849	19138	0.920744	0.000209	0.998961	0.000084	0.919787	0.000223
1850	20596	0.919516	0.000171	0.998881	0.000090	0.918487	0.000190
1851	9489	0.977737	0.000199	0.999484	0.000042	0.977233	0.000203
1852	8904	0.979060	0.000215	0.999516	0.000039	0.978586	0.000218
1853	3984	0.986472	0.000201	0.999783	0.000018	0.986258	0.000202
1854	16026	0.932514	0.000243	0.999129	0.000070	0.931702	0.000251
1855	17604	0.930658	0.000242	0.999044	0.000077	0.929768	0.000252
1856	23698	0.906331	0.000197	0.998713	0.000104	0.905165	0.000218
1857	4377	0.984887	0.000215	0.999762	0.000019	0.984653	0.000216
1858	10828	0.974464	0.000210	0.999412	0.000048	0.973891	0.000215
1859	11212	0.974131	0.000212	0.999391	0.000049	0.973538	0.000217
1860	11160	0.974337	0.000171	0.999394	0.000049	0.973746	0.000178
1861	9388	0.961878	0.000242	0.999490	0.000041	0.961388	0.000245
2038	0	-nan	nan	1.000000	0.000000	-nan	nan
2040	348700	0.999529	0.000821	0.981394	0.001479	0.980931	0.001683
2041	174481	0.997307	0.000822	0.990603	0.000754	0.987935	0.001108
2042	833282	0.999549	0.000752	0.956658	0.003358	0.956227	0.003433
2043	952399	0.999609	0.000702	0.950767	0.003791	0.950395	0.003847
2044	598691	0.999672	0.000821	0.968475	0.002472	0.968157	0.002596
2045	0	-nan	nan	1.000000	0.000000	-nan	nan
2046	38558	0.885166	0.000713	0.997908	0.000169	0.883315	0.000727
2047	77048	0.990852	0.000913	0.995828	0.000336	0.986719	0.000969
2048	188505	0.995210	0.000990	0.989855	0.000813	0.985113	0.001271
2049	375865	0.999279	0.001022	0.979973	0.001589	0.979267	0.001878
2050	433845	0.999637	0.000841	0.976955	0.001823	0.976601	0.001999
2051	0	-nan	nan	1.000000	0.000000	-nan	nan
2052	395519	0.999212	0.000986	0.978948	0.001669	0.978177	0.001927
2053	758508	0.999662	0.001039	0.960393	0.003080	0.960069	0.003237
2054	903024	0.999630	0.001101	0.953200	0.003613	0.952847	0.003761
2055	49238	0.958349	0.001179	0.997330	0.000216	0.955791	0.001194
2056	179707	0.995797	0.001363	0.990324	0.000776	0.986161	0.001555
2059	83594	0.962183	0.000529	0.995476	0.000365	0.957830	0.000633
2060	111440	0.934632	0.000378	0.993977	0.000485	0.929003	0.000589
2061	119639	0.929974	0.001668	0.993537	0.000520	0.923964	0.001726
2063	74642	0.954626	0.000538	0.995958	0.000326	0.950768	0.000619
2073	118488	0.930613	0.000637	0.993599	0.000515	0.924656	0.000794
2074	103514	0.938983	0.000506	0.994403	0.000451	0.933728	0.000658
2075	88357	0.960307	0.000473	0.995219	0.000385	0.955716	0.000599
2076	79911	0.964483	0.000392	0.995674	0.000349	0.960310	0.000515
2078	12079	0.993609	0.000305	0.999344	0.000053	0.992957	0.000309
2080	12141	0.993802	0.000266	0.999340	0.000053	0.993146	0.000271
2081	23611	0.988808	0.000335	0.998718	0.000104	0.987540	0.000350
2082	40890	0.980947	0.000778	0.997782	0.000179	0.978771	0.000796
2083	41661	0.980736	0.000435	0.997740	0.000183	0.978519	0.000469
2084	51418	0.975946	0.000472	0.997212	0.000225	0.973225	0.000519
2085	62271	0.971885	0.000480	0.996626	0.000272	0.968606	0.000547
2087	77963	0.950614	0.000583	0.995779	0.000340	0.946602	0.000665
2088	63966	0.960174	0.000507	0.996534	0.000280	0.956846	0.000572
2089	52672	0.967408	0.000470	0.997144	0.000231	0.964645	0.000519
2090	31306	0.980258	0.000415	0.998301	0.000137	0.978592	0.000435
2091	16430	0.989015	0.000328	0.999107	0.000072	0.988132	0.000335
2093	25413	0.982200	0.000504	0.998620	0.000112	0.980845	0.000515
2094	23269	0.985032	0.000438	0.998736	0.000102	0.983787	0.000448
2095	16424	0.988787	0.000286	0.999108	0.000072	0.987905	0.000294
2096	15306	0.991162	0.000449	0.999169	0.000067	0.990338	0.000454
